# OpenSignals Text File Format
# {"98:D3:51:FD:8E:66":{"sensor":["RAW","RESPBIT"],"device name":"98:D3:51:FD:8E:66","column":["nSeq","I1","I2","O1","O2","A1","A3"],"sync interval":2,"time":"00:44:28","comments":"","device connection":"BTH98:D3:51:FD:8E:66","channels":[1,3],"date":"2021-09-19","mode":0,"digital IO":[0,0,1,1],"firmware version":0,"device":"bitalino_rev","position":0,"sampling rate":100,"label":["A1","A3"],"resolution":[10,10],"special":[{},{}]}}
# EndOfHeader
0	0	0	0	0	560	308
1	0	0	0	0	528	309
2	0	0	0	0	500	309
3	0	0	0	0	475	308
4	0	0	0	0	451	307
5	0	0	0	0	433	307
6	0	0	0	0	419	307
7	0	0	0	0	411	307
8	0	0	0	0	406	306
9	0	0	0	0	405	305
10	0	0	0	0	407	303
11	0	0	0	0	411	302
12	0	0	0	0	417	301
13	0	0	0	0	425	300
14	0	0	0	0	431	299
15	0	0	0	0	437	300
0	0	0	0	0	440	301
1	0	0	0	0	441	301
2	0	0	0	0	440	303
3	0	0	0	0	438	305
4	0	0	0	0	431	309
5	0	0	0	0	427	313
6	0	0	0	0	421	319
7	0	0	0	0	414	325
8	0	0	0	0	406	329
9	0	0	0	0	398	333
10	0	0	0	0	389	337
11	0	0	0	0	383	339
12	0	0	0	0	375	343
13	0	0	0	0	369	346
14	0	0	0	0	363	350
15	0	0	0	0	358	353
0	0	0	0	0	357	357
1	0	0	0	0	358	360
2	0	0	0	0	364	364
3	0	0	0	0	376	367
4	0	0	0	0	395	370
5	0	0	0	0	423	374
6	0	0	0	0	459	377
7	0	0	0	0	503	381
8	0	0	0	0	550	384
9	0	0	0	0	600	388
10	0	0	0	0	648	391
11	0	0	0	0	693	394
12	0	0	0	0	732	397
13	0	0	0	0	763	398
14	0	0	0	0	786	399
15	0	0	0	0	799	401
0	0	0	0	0	804	402
1	0	0	0	0	799	403
2	0	0	0	0	786	405
3	0	0	0	0	766	407
4	0	0	0	0	741	408
5	0	0	0	0	712	411
6	0	0	0	0	680	415
7	0	0	0	0	648	418
8	0	0	0	0	616	420
9	0	0	0	0	582	423
10	0	0	0	0	551	425
11	0	0	0	0	522	427
12	0	0	0	0	496	429
13	0	0	0	0	472	430
14	0	0	0	0	454	431
15	0	0	0	0	436	432
0	0	0	0	0	424	433
1	0	0	0	0	415	434
2	0	0	0	0	412	434
3	0	0	0	0	412	435
4	0	0	0	0	415	435
5	0	0	0	0	420	436
6	0	0	0	0	427	436
7	0	0	0	0	433	437
8	0	0	0	0	440	438
9	0	0	0	0	444	439
10	0	0	0	0	448	440
11	0	0	0	0	451	441
12	0	0	0	0	451	441
13	0	0	0	0	449	441
14	0	0	0	0	446	442
15	0	0	0	0	440	442
0	0	0	0	0	433	443
1	0	0	0	0	426	445
2	0	0	0	0	419	446
3	0	0	0	0	411	446
4	0	0	0	0	405	446
5	0	0	0	0	397	444
6	0	0	0	0	392	443
7	0	0	0	0	387	441
8	0	0	0	0	382	440
9	0	0	0	0	376	440
10	0	0	0	0	374	439
11	0	0	0	0	373	439
12	0	0	0	0	376	440
13	0	0	0	0	382	440
14	0	0	0	0	396	440
15	0	0	0	0	418	441
0	0	0	0	0	447	444
1	0	0	0	0	483	446
2	0	0	0	0	523	449
3	0	0	0	0	568	452
4	0	0	0	0	615	456
5	0	0	0	0	662	459
6	0	0	0	0	705	462
7	0	0	0	0	743	464
8	0	0	0	0	772	466
9	0	0	0	0	793	466
10	0	0	0	0	804	467
11	0	0	0	0	806	465
12	0	0	0	0	799	465
13	0	0	0	0	785	464
14	0	0	0	0	766	463
15	0	0	0	0	743	463
0	0	0	0	0	714	463
1	0	0	0	0	683	463
2	0	0	0	0	650	463
3	0	0	0	0	617	463
4	0	0	0	0	585	464
5	0	0	0	0	553	464
6	0	0	0	0	523	466
7	0	0	0	0	497	466
8	0	0	0	0	473	467
9	0	0	0	0	453	468
10	0	0	0	0	438	469
11	0	0	0	0	427	469
12	0	0	0	0	420	470
13	0	0	0	0	417	470
14	0	0	0	0	418	469
15	0	0	0	0	420	468
0	0	0	0	0	425	468
1	0	0	0	0	432	467
2	0	0	0	0	438	466
3	0	0	0	0	443	466
4	0	0	0	0	448	466
5	0	0	0	0	450	467
6	0	0	0	0	452	469
7	0	0	0	0	452	470
8	0	0	0	0	453	471
9	0	0	0	0	451	472
10	0	0	0	0	447	475
11	0	0	0	0	441	476
12	0	0	0	0	432	479
13	0	0	0	0	423	482
14	0	0	0	0	415	484
15	0	0	0	0	408	486
0	0	0	0	0	403	489
1	0	0	0	0	395	492
2	0	0	0	0	390	496
3	0	0	0	0	386	500
4	0	0	0	0	383	505
5	0	0	0	0	379	510
6	0	0	0	0	375	515
7	0	0	0	0	373	521
8	0	0	0	0	372	527
9	0	0	0	0	375	534
10	0	0	0	0	381	540
11	0	0	0	0	395	547
12	0	0	0	0	417	554
13	0	0	0	0	447	561
14	0	0	0	0	485	568
15	0	0	0	0	527	575
0	0	0	0	0	574	581
1	0	0	0	0	622	587
2	0	0	0	0	667	593
3	0	0	0	0	708	599
4	0	0	0	0	742	604
5	0	0	0	0	767	609
6	0	0	0	0	782	614
7	0	0	0	0	787	619
8	0	0	0	0	784	623
9	0	0	0	0	771	626
10	0	0	0	0	752	629
11	0	0	0	0	728	632
12	0	0	0	0	701	634
13	0	0	0	0	673	637
14	0	0	0	0	642	640
15	0	0	0	0	610	643
0	0	0	0	0	578	645
1	0	0	0	0	547	648
2	0	0	0	0	519	650
3	0	0	0	0	493	652
4	0	0	0	0	471	654
5	0	0	0	0	451	655
6	0	0	0	0	437	655
7	0	0	0	0	428	656
8	0	0	0	0	422	656
9	0	0	0	0	419	656
10	0	0	0	0	422	656
11	0	0	0	0	425	658
12	0	0	0	0	431	659
13	0	0	0	0	437	660
14	0	0	0	0	444	661
15	0	0	0	0	450	662
0	0	0	0	0	455	663
1	0	0	0	0	460	662
2	0	0	0	0	463	661
3	0	0	0	0	462	660
4	0	0	0	0	460	659
5	0	0	0	0	454	656
6	0	0	0	0	450	654
7	0	0	0	0	443	653
8	0	0	0	0	435	651
9	0	0	0	0	427	650
10	0	0	0	0	417	649
11	0	0	0	0	410	647
12	0	0	0	0	402	645
13	0	0	0	0	395	643
14	0	0	0	0	390	640
15	0	0	0	0	385	638
0	0	0	0	0	381	636
1	0	0	0	0	377	634
2	0	0	0	0	375	632
3	0	0	0	0	373	630
4	0	0	0	0	373	627
5	0	0	0	0	374	626
6	0	0	0	0	378	624
7	0	0	0	0	384	622
8	0	0	0	0	396	619
9	0	0	0	0	415	617
10	0	0	0	0	441	615
11	0	0	0	0	474	613
12	0	0	0	0	514	611
13	0	0	0	0	559	608
14	0	0	0	0	606	606
15	0	0	0	0	652	603
0	0	0	0	0	694	599
1	0	0	0	0	729	595
2	0	0	0	0	756	591
3	0	0	0	0	778	586
4	0	0	0	0	789	580
5	0	0	0	0	792	575
6	0	0	0	0	788	569
7	0	0	0	0	777	563
8	0	0	0	0	759	557
9	0	0	0	0	736	551
10	0	0	0	0	707	545
11	0	0	0	0	676	539
12	0	0	0	0	643	533
13	0	0	0	0	610	526
14	0	0	0	0	577	519
15	0	0	0	0	545	511
0	0	0	0	0	516	504
1	0	0	0	0	489	496
2	0	0	0	0	470	489
3	0	0	0	0	453	482
4	0	0	0	0	442	475
5	0	0	0	0	434	469
6	0	0	0	0	432	462
7	0	0	0	0	437	456
8	0	0	0	0	443	449
9	0	0	0	0	452	444
10	0	0	0	0	462	439
11	0	0	0	0	473	433
12	0	0	0	0	481	429
13	0	0	0	0	487	425
14	0	0	0	0	492	421
15	0	0	0	0	496	417
0	0	0	0	0	497	412
1	0	0	0	0	497	407
2	0	0	0	0	494	401
3	0	0	0	0	486	396
4	0	0	0	0	478	392
5	0	0	0	0	468	387
6	0	0	0	0	457	383
7	0	0	0	0	447	379
8	0	0	0	0	436	374
9	0	0	0	0	426	370
10	0	0	0	0	416	366
11	0	0	0	0	409	363
12	0	0	0	0	402	361
13	0	0	0	0	396	359
14	0	0	0	0	393	358
15	0	0	0	0	391	357
0	0	0	0	0	388	356
1	0	0	0	0	388	355
2	0	0	0	0	393	354
3	0	0	0	0	401	353
4	0	0	0	0	416	352
5	0	0	0	0	438	351
6	0	0	0	0	470	350
7	0	0	0	0	510	350
8	0	0	0	0	557	349
9	0	0	0	0	606	349
10	0	0	0	0	657	349
11	0	0	0	0	705	350
12	0	0	0	0	747	351
13	0	0	0	0	782	352
14	0	0	0	0	808	355
15	0	0	0	0	824	358
0	0	0	0	0	831	360
1	0	0	0	0	827	363
2	0	0	0	0	814	366
3	0	0	0	0	796	368
4	0	0	0	0	773	370
5	0	0	0	0	746	373
6	0	0	0	0	715	374
7	0	0	0	0	684	375
8	0	0	0	0	650	377
9	0	0	0	0	617	377
10	0	0	0	0	584	377
11	0	0	0	0	555	378
12	0	0	0	0	529	379
13	0	0	0	0	505	379
14	0	0	0	0	485	380
15	0	0	0	0	470	380
0	0	0	0	0	458	381
1	0	0	0	0	450	382
2	0	0	0	0	446	383
3	0	0	0	0	446	384
4	0	0	0	0	448	385
5	0	0	0	0	451	386
6	0	0	0	0	455	388
7	0	0	0	0	460	390
8	0	0	0	0	465	394
9	0	0	0	0	470	398
10	0	0	0	0	473	404
11	0	0	0	0	474	410
12	0	0	0	0	473	418
13	0	0	0	0	469	425
14	0	0	0	0	464	433
15	0	0	0	0	459	440
0	0	0	0	0	450	447
1	0	0	0	0	441	454
2	0	0	0	0	431	462
3	0	0	0	0	420	470
4	0	0	0	0	410	480
5	0	0	0	0	399	490
6	0	0	0	0	390	501
7	0	0	0	0	382	511
8	0	0	0	0	376	521
9	0	0	0	0	370	530
10	0	0	0	0	365	539
11	0	0	0	0	361	548
12	0	0	0	0	358	557
13	0	0	0	0	356	566
14	0	0	0	0	356	575
15	0	0	0	0	358	586
0	0	0	0	0	365	597
1	0	0	0	0	377	609
2	0	0	0	0	397	620
3	0	0	0	0	424	631
4	0	0	0	0	459	641
5	0	0	0	0	499	651
6	0	0	0	0	546	659
7	0	0	0	0	595	667
8	0	0	0	0	647	675
9	0	0	0	0	695	682
10	0	0	0	0	737	688
11	0	0	0	0	773	695
12	0	0	0	0	800	700
13	0	0	0	0	815	705
14	0	0	0	0	821	710
15	0	0	0	0	819	713
0	0	0	0	0	806	717
1	0	0	0	0	787	721
2	0	0	0	0	762	723
3	0	0	0	0	735	726
4	0	0	0	0	703	727
5	0	0	0	0	670	728
6	0	0	0	0	637	729
7	0	0	0	0	604	729
8	0	0	0	0	571	728
9	0	0	0	0	540	727
10	0	0	0	0	512	724
11	0	0	0	0	486	721
12	0	0	0	0	464	717
13	0	0	0	0	446	711
14	0	0	0	0	432	706
15	0	0	0	0	424	698
0	0	0	0	0	418	691
1	0	0	0	0	416	681
2	0	0	0	0	417	671
3	0	0	0	0	422	661
4	0	0	0	0	430	651
5	0	0	0	0	437	639
6	0	0	0	0	446	628
7	0	0	0	0	453	617
8	0	0	0	0	459	606
9	0	0	0	0	462	595
10	0	0	0	0	462	584
11	0	0	0	0	461	572
12	0	0	0	0	459	560
13	0	0	0	0	453	547
14	0	0	0	0	447	535
15	0	0	0	0	440	523
0	0	0	0	0	432	511
1	0	0	0	0	423	499
2	0	0	0	0	416	487
3	0	0	0	0	408	475
4	0	0	0	0	402	463
5	0	0	0	0	396	452
6	0	0	0	0	391	441
7	0	0	0	0	387	432
8	0	0	0	0	382	422
9	0	0	0	0	377	414
10	0	0	0	0	375	406
11	0	0	0	0	376	399
12	0	0	0	0	378	393
13	0	0	0	0	383	389
14	0	0	0	0	395	384
15	0	0	0	0	413	381
0	0	0	0	0	437	379
1	0	0	0	0	470	376
2	0	0	0	0	512	375
3	0	0	0	0	562	372
4	0	0	0	0	616	372
5	0	0	0	0	669	370
6	0	0	0	0	723	370
7	0	0	0	0	769	371
8	0	0	0	0	807	373
9	0	0	0	0	836	374
10	0	0	0	0	856	377
11	0	0	0	0	864	380
12	0	0	0	0	863	387
13	0	0	0	0	851	395
14	0	0	0	0	832	405
15	0	0	0	0	807	416
0	0	0	0	0	777	429
1	0	0	0	0	741	443
2	0	0	0	0	704	457
3	0	0	0	0	667	472
4	0	0	0	0	629	485
5	0	0	0	0	592	499
6	0	0	0	0	555	513
7	0	0	0	0	520	526
8	0	0	0	0	489	541
9	0	0	0	0	461	555
10	0	0	0	0	439	570
11	0	0	0	0	419	585
12	0	0	0	0	403	600
13	0	0	0	0	390	616
14	0	0	0	0	382	630
15	0	0	0	0	379	644
0	0	0	0	0	380	657
1	0	0	0	0	384	670
2	0	0	0	0	389	683
3	0	0	0	0	396	696
4	0	0	0	0	404	708
5	0	0	0	0	410	722
6	0	0	0	0	417	738
7	0	0	0	0	423	753
8	0	0	0	0	428	768
9	0	0	0	0	430	783
10	0	0	0	0	430	796
11	0	0	0	0	428	808
12	0	0	0	0	423	820
13	0	0	0	0	417	829
14	0	0	0	0	411	838
15	0	0	0	0	405	847
0	0	0	0	0	398	855
1	0	0	0	0	391	861
2	0	0	0	0	385	868
3	0	0	0	0	378	873
4	0	0	0	0	371	878
5	0	0	0	0	365	882
6	0	0	0	0	360	887
7	0	0	0	0	356	889
8	0	0	0	0	352	893
9	0	0	0	0	349	894
10	0	0	0	0	347	896
11	0	0	0	0	349	897
12	0	0	0	0	355	896
13	0	0	0	0	368	895
14	0	0	0	0	387	891
15	0	0	0	0	415	885
0	0	0	0	0	450	877
1	0	0	0	0	493	866
2	0	0	0	0	541	855
3	0	0	0	0	591	844
4	0	0	0	0	640	832
5	0	0	0	0	686	821
6	0	0	0	0	726	810
7	0	0	0	0	759	799
8	0	0	0	0	782	788
9	0	0	0	0	794	775
10	0	0	0	0	796	759
11	0	0	0	0	790	739
12	0	0	0	0	775	716
13	0	0	0	0	754	692
14	0	0	0	0	728	667
15	0	0	0	0	700	642
0	0	0	0	0	669	619
1	0	0	0	0	636	595
2	0	0	0	0	602	574
3	0	0	0	0	569	553
4	0	0	0	0	538	533
5	0	0	0	0	509	513
6	0	0	0	0	484	494
7	0	0	0	0	463	475
8	0	0	0	0	448	456
9	0	0	0	0	439	438
10	0	0	0	0	435	420
11	0	0	0	0	437	404
12	0	0	0	0	442	387
13	0	0	0	0	449	372
14	0	0	0	0	458	358
15	0	0	0	0	467	344
0	0	0	0	0	475	332
1	0	0	0	0	482	321
2	0	0	0	0	487	311
3	0	0	0	0	491	301
4	0	0	0	0	491	292
5	0	0	0	0	489	284
6	0	0	0	0	483	275
7	0	0	0	0	476	267
8	0	0	0	0	467	261
9	0	0	0	0	455	256
10	0	0	0	0	443	252
11	0	0	0	0	432	248
12	0	0	0	0	420	245
13	0	0	0	0	409	242
14	0	0	0	0	399	240
15	0	0	0	0	390	239
0	0	0	0	0	382	239
1	0	0	0	0	376	241
2	0	0	0	0	371	246
3	0	0	0	0	368	254
4	0	0	0	0	365	264
5	0	0	0	0	362	278
6	0	0	0	0	364	293
7	0	0	0	0	368	309
8	0	0	0	0	378	327
9	0	0	0	0	393	346
10	0	0	0	0	417	367
11	0	0	0	0	449	390
12	0	0	0	0	487	415
13	0	0	0	0	529	441
14	0	0	0	0	576	470
15	0	0	0	0	624	499
0	0	0	0	0	670	529
1	0	0	0	0	711	559
2	0	0	0	0	744	589
3	0	0	0	0	768	617
4	0	0	0	0	780	643
5	0	0	0	0	783	668
6	0	0	0	0	776	690
7	0	0	0	0	760	711
8	0	0	0	0	735	731
9	0	0	0	0	706	749
10	0	0	0	0	673	766
11	0	0	0	0	637	782
12	0	0	0	0	599	797
13	0	0	0	0	561	811
14	0	0	0	0	525	824
15	0	0	0	0	491	836
0	0	0	0	0	460	848
1	0	0	0	0	432	857
2	0	0	0	0	410	866
3	0	0	0	0	392	873
4	0	0	0	0	379	880
5	0	0	0	0	371	885
6	0	0	0	0	368	890
7	0	0	0	0	368	894
8	0	0	0	0	369	898
9	0	0	0	0	375	900
10	0	0	0	0	382	902
11	0	0	0	0	393	902
12	0	0	0	0	403	900
13	0	0	0	0	411	897
14	0	0	0	0	419	893
15	0	0	0	0	423	887
0	0	0	0	0	425	880
1	0	0	0	0	425	871
2	0	0	0	0	423	860
3	0	0	0	0	421	847
4	0	0	0	0	416	833
5	0	0	0	0	409	818
6	0	0	0	0	401	802
7	0	0	0	0	396	786
8	0	0	0	0	388	770
9	0	0	0	0	381	754
10	0	0	0	0	376	736
11	0	0	0	0	370	718
12	0	0	0	0	364	698
13	0	0	0	0	358	675
14	0	0	0	0	353	652
15	0	0	0	0	349	629
0	0	0	0	0	347	607
1	0	0	0	0	346	586
2	0	0	0	0	348	568
3	0	0	0	0	353	551
4	0	0	0	0	364	535
5	0	0	0	0	382	518
6	0	0	0	0	408	502
7	0	0	0	0	441	485
8	0	0	0	0	484	468
9	0	0	0	0	535	452
10	0	0	0	0	591	438
11	0	0	0	0	648	425
12	0	0	0	0	705	413
13	0	0	0	0	758	402
14	0	0	0	0	802	393
15	0	0	0	0	839	385
0	0	0	0	0	862	377
1	0	0	0	0	874	369
2	0	0	0	0	874	362
3	0	0	0	0	864	355
4	0	0	0	0	846	348
5	0	0	0	0	819	340
6	0	0	0	0	786	332
7	0	0	0	0	749	327
8	0	0	0	0	710	320
9	0	0	0	0	668	314
10	0	0	0	0	625	309
11	0	0	0	0	586	303
12	0	0	0	0	548	297
13	0	0	0	0	512	290
14	0	0	0	0	480	284
15	0	0	0	0	454	279
0	0	0	0	0	432	273
1	0	0	0	0	415	268
2	0	0	0	0	403	263
3	0	0	0	0	396	258
4	0	0	0	0	395	253
5	0	0	0	0	398	249
6	0	0	0	0	403	246
7	0	0	0	0	410	243
8	0	0	0	0	417	243
9	0	0	0	0	426	243
10	0	0	0	0	434	246
11	0	0	0	0	440	251
12	0	0	0	0	445	257
13	0	0	0	0	447	265
14	0	0	0	0	448	274
15	0	0	0	0	445	285
0	0	0	0	0	440	296
1	0	0	0	0	434	308
2	0	0	0	0	426	321
3	0	0	0	0	418	333
4	0	0	0	0	411	345
5	0	0	0	0	403	356
6	0	0	0	0	393	367
7	0	0	0	0	384	379
8	0	0	0	0	376	391
9	0	0	0	0	368	404
10	0	0	0	0	359	417
11	0	0	0	0	355	431
12	0	0	0	0	351	445
13	0	0	0	0	351	459
14	0	0	0	0	352	473
15	0	0	0	0	359	486
0	0	0	0	0	372	497
1	0	0	0	0	392	508
2	0	0	0	0	420	517
3	0	0	0	0	456	524
4	0	0	0	0	497	528
5	0	0	0	0	544	530
6	0	0	0	0	596	529
7	0	0	0	0	648	526
8	0	0	0	0	695	520
9	0	0	0	0	735	513
10	0	0	0	0	767	506
11	0	0	0	0	789	498
12	0	0	0	0	801	490
13	0	0	0	0	804	483
14	0	0	0	0	796	476
15	0	0	0	0	780	471
0	0	0	0	0	757	465
1	0	0	0	0	729	461
2	0	0	0	0	697	456
3	0	0	0	0	661	451
4	0	0	0	0	623	446
5	0	0	0	0	586	441
6	0	0	0	0	549	436
7	0	0	0	0	514	430
8	0	0	0	0	481	423
9	0	0	0	0	452	417
10	0	0	0	0	427	409
11	0	0	0	0	408	403
12	0	0	0	0	394	396
13	0	0	0	0	386	389
14	0	0	0	0	382	383
15	0	0	0	0	383	376
0	0	0	0	0	385	368
1	0	0	0	0	393	360
2	0	0	0	0	403	352
3	0	0	0	0	413	344
4	0	0	0	0	423	335
5	0	0	0	0	431	327
6	0	0	0	0	438	318
7	0	0	0	0	443	309
8	0	0	0	0	446	300
9	0	0	0	0	447	289
10	0	0	0	0	448	280
11	0	0	0	0	444	271
12	0	0	0	0	440	263
13	0	0	0	0	434	256
14	0	0	0	0	428	250
15	0	0	0	0	423	244
0	0	0	0	0	416	239
1	0	0	0	0	411	233
2	0	0	0	0	407	229
3	0	0	0	0	402	223
4	0	0	0	0	396	220
5	0	0	0	0	392	216
6	0	0	0	0	391	213
7	0	0	0	0	391	209
8	0	0	0	0	391	207
9	0	0	0	0	395	205
10	0	0	0	0	403	204
11	0	0	0	0	419	201
12	0	0	0	0	440	200
13	0	0	0	0	470	198
14	0	0	0	0	509	195
15	0	0	0	0	555	195
0	0	0	0	0	606	193
1	0	0	0	0	659	192
2	0	0	0	0	710	191
3	0	0	0	0	755	187
4	0	0	0	0	791	189
5	0	0	0	0	820	188
6	0	0	0	0	837	188
7	0	0	0	0	841	189
8	0	0	0	0	835	186
9	0	0	0	0	819	188
10	0	0	0	0	795	190
11	0	0	0	0	764	192
12	0	0	0	0	729	193
13	0	0	0	0	693	199
14	0	0	0	0	654	206
15	0	0	0	0	614	217
0	0	0	0	0	574	225
1	0	0	0	0	537	235
2	0	0	0	0	502	248
3	0	0	0	0	472	260
4	0	0	0	0	447	273
5	0	0	0	0	427	287
6	0	0	0	0	414	303
7	0	0	0	0	404	319
8	0	0	0	0	399	335
9	0	0	0	0	399	352
10	0	0	0	0	401	368
11	0	0	0	0	406	383
12	0	0	0	0	412	398
13	0	0	0	0	418	412
14	0	0	0	0	425	425
15	0	0	0	0	431	439
0	0	0	0	0	434	453
1	0	0	0	0	437	469
2	0	0	0	0	438	484
3	0	0	0	0	437	499
4	0	0	0	0	433	514
5	0	0	0	0	429	529
6	0	0	0	0	423	542
7	0	0	0	0	415	555
8	0	0	0	0	407	567
9	0	0	0	0	400	577
10	0	0	0	0	393	587
11	0	0	0	0	386	596
12	0	0	0	0	380	606
13	0	0	0	0	375	615
14	0	0	0	0	369	625
15	0	0	0	0	364	634
0	0	0	0	0	359	643
1	0	0	0	0	357	652
2	0	0	0	0	354	660
3	0	0	0	0	355	667
4	0	0	0	0	358	675
5	0	0	0	0	365	683
6	0	0	0	0	374	689
7	0	0	0	0	391	695
8	0	0	0	0	417	702
9	0	0	0	0	453	707
10	0	0	0	0	496	711
11	0	0	0	0	544	716
12	0	0	0	0	595	719
13	0	0	0	0	644	722
14	0	0	0	0	687	723
15	0	0	0	0	725	723
0	0	0	0	0	753	722
1	0	0	0	0	770	720
2	0	0	0	0	778	717
3	0	0	0	0	777	714
4	0	0	0	0	768	710
5	0	0	0	0	751	705
6	0	0	0	0	728	699
7	0	0	0	0	701	692
8	0	0	0	0	669	684
9	0	0	0	0	635	674
10	0	0	0	0	600	663
11	0	0	0	0	567	652
12	0	0	0	0	533	640
13	0	0	0	0	500	629
14	0	0	0	0	470	618
15	0	0	0	0	446	607
0	0	0	0	0	426	595
1	0	0	0	0	409	583
2	0	0	0	0	399	571
3	0	0	0	0	395	557
4	0	0	0	0	395	542
5	0	0	0	0	401	527
6	0	0	0	0	411	511
7	0	0	0	0	424	495
8	0	0	0	0	438	481
9	0	0	0	0	451	468
10	0	0	0	0	465	456
11	0	0	0	0	479	445
12	0	0	0	0	489	435
13	0	0	0	0	495	426
14	0	0	0	0	499	417
15	0	0	0	0	500	409
0	0	0	0	0	498	401
1	0	0	0	0	492	395
2	0	0	0	0	486	388
3	0	0	0	0	479	382
4	0	0	0	0	471	375
5	0	0	0	0	461	370
6	0	0	0	0	452	365
7	0	0	0	0	441	360
8	0	0	0	0	428	355
9	0	0	0	0	416	351
10	0	0	0	0	406	346
11	0	0	0	0	400	340
12	0	0	0	0	395	334
13	0	0	0	0	391	326
14	0	0	0	0	390	318
15	0	0	0	0	395	309
0	0	0	0	0	406	299
1	0	0	0	0	425	290
2	0	0	0	0	453	280
3	0	0	0	0	490	269
4	0	0	0	0	531	259
5	0	0	0	0	580	248
6	0	0	0	0	631	240
7	0	0	0	0	680	231
8	0	0	0	0	725	224
9	0	0	0	0	763	214
10	0	0	0	0	792	208
11	0	0	0	0	811	203
12	0	0	0	0	819	198
13	0	0	0	0	817	191
14	0	0	0	0	806	193
15	0	0	0	0	785	192
0	0	0	0	0	760	196
1	0	0	0	0	729	204
2	0	0	0	0	695	213
3	0	0	0	0	657	222
4	0	0	0	0	620	234
5	0	0	0	0	580	248
6	0	0	0	0	543	264
7	0	0	0	0	509	280
8	0	0	0	0	479	299
9	0	0	0	0	452	319
10	0	0	0	0	430	341
11	0	0	0	0	413	365
12	0	0	0	0	401	390
13	0	0	0	0	393	415
14	0	0	0	0	391	439
15	0	0	0	0	394	463
0	0	0	0	0	401	485
1	0	0	0	0	408	506
2	0	0	0	0	415	527
3	0	0	0	0	423	547
4	0	0	0	0	431	567
5	0	0	0	0	436	587
6	0	0	0	0	439	605
7	0	0	0	0	440	621
8	0	0	0	0	439	636
9	0	0	0	0	436	651
10	0	0	0	0	431	665
11	0	0	0	0	424	679
12	0	0	0	0	418	692
13	0	0	0	0	410	705
14	0	0	0	0	401	717
15	0	0	0	0	395	729
0	0	0	0	0	387	738
1	0	0	0	0	382	747
2	0	0	0	0	376	755
3	0	0	0	0	373	763
4	0	0	0	0	369	770
5	0	0	0	0	366	777
6	0	0	0	0	364	784
7	0	0	0	0	364	790
8	0	0	0	0	363	795
9	0	0	0	0	365	799
10	0	0	0	0	372	802
11	0	0	0	0	385	805
12	0	0	0	0	405	808
13	0	0	0	0	432	810
14	0	0	0	0	465	811
15	0	0	0	0	506	811
0	0	0	0	0	551	811
1	0	0	0	0	598	808
2	0	0	0	0	645	804
3	0	0	0	0	688	798
4	0	0	0	0	725	791
5	0	0	0	0	755	782
6	0	0	0	0	777	773
7	0	0	0	0	787	762
8	0	0	0	0	788	750
9	0	0	0	0	781	736
10	0	0	0	0	765	721
11	0	0	0	0	743	705
12	0	0	0	0	716	689
13	0	0	0	0	686	671
14	0	0	0	0	653	653
15	0	0	0	0	619	634
0	0	0	0	0	584	615
1	0	0	0	0	551	596
2	0	0	0	0	522	577
3	0	0	0	0	495	560
4	0	0	0	0	471	544
5	0	0	0	0	453	528
6	0	0	0	0	439	512
7	0	0	0	0	432	497
8	0	0	0	0	429	482
9	0	0	0	0	431	467
10	0	0	0	0	435	453
11	0	0	0	0	444	439
12	0	0	0	0	453	427
13	0	0	0	0	464	416
14	0	0	0	0	473	406
15	0	0	0	0	482	398
0	0	0	0	0	490	390
1	0	0	0	0	494	384
2	0	0	0	0	494	377
3	0	0	0	0	492	373
4	0	0	0	0	489	370
5	0	0	0	0	482	368
6	0	0	0	0	474	367
7	0	0	0	0	467	366
8	0	0	0	0	457	365
9	0	0	0	0	448	364
10	0	0	0	0	437	363
11	0	0	0	0	428	362
12	0	0	0	0	419	362
13	0	0	0	0	410	363
14	0	0	0	0	402	365
15	0	0	0	0	396	368
0	0	0	0	0	391	371
1	0	0	0	0	389	376
2	0	0	0	0	389	380
3	0	0	0	0	391	385
4	0	0	0	0	398	390
5	0	0	0	0	412	394
6	0	0	0	0	433	399
7	0	0	0	0	464	403
8	0	0	0	0	502	408
9	0	0	0	0	547	412
10	0	0	0	0	596	417
11	0	0	0	0	645	422
12	0	0	0	0	691	428
13	0	0	0	0	731	435
14	0	0	0	0	765	444
15	0	0	0	0	788	454
0	0	0	0	0	801	463
1	0	0	0	0	803	475
2	0	0	0	0	797	485
3	0	0	0	0	783	496
4	0	0	0	0	762	505
5	0	0	0	0	736	514
6	0	0	0	0	705	521
7	0	0	0	0	672	528
8	0	0	0	0	636	535
9	0	0	0	0	600	542
10	0	0	0	0	563	549
11	0	0	0	0	529	557
12	0	0	0	0	497	567
13	0	0	0	0	468	577
14	0	0	0	0	443	587
15	0	0	0	0	423	596
0	0	0	0	0	408	604
1	0	0	0	0	398	611
2	0	0	0	0	391	617
3	0	0	0	0	390	624
4	0	0	0	0	391	629
5	0	0	0	0	397	633
6	0	0	0	0	404	637
7	0	0	0	0	413	640
8	0	0	0	0	422	643
9	0	0	0	0	431	646
10	0	0	0	0	438	649
11	0	0	0	0	444	651
12	0	0	0	0	446	654
13	0	0	0	0	446	654
14	0	0	0	0	443	655
15	0	0	0	0	439	656
0	0	0	0	0	434	657
1	0	0	0	0	427	658
2	0	0	0	0	419	659
3	0	0	0	0	409	659
4	0	0	0	0	402	656
5	0	0	0	0	395	654
6	0	0	0	0	390	650
7	0	0	0	0	384	645
8	0	0	0	0	378	641
9	0	0	0	0	372	637
10	0	0	0	0	369	632
11	0	0	0	0	365	627
12	0	0	0	0	361	621
13	0	0	0	0	359	614
14	0	0	0	0	361	608
15	0	0	0	0	369	599
0	0	0	0	0	381	591
1	0	0	0	0	402	581
2	0	0	0	0	430	570
3	0	0	0	0	467	559
4	0	0	0	0	510	548
5	0	0	0	0	557	536
6	0	0	0	0	607	524
7	0	0	0	0	656	513
8	0	0	0	0	700	501
9	0	0	0	0	739	489
10	0	0	0	0	770	477
11	0	0	0	0	790	466
12	0	0	0	0	801	454
13	0	0	0	0	805	444
14	0	0	0	0	799	433
15	0	0	0	0	786	421
0	0	0	0	0	768	412
1	0	0	0	0	744	401
2	0	0	0	0	717	390
3	0	0	0	0	688	380
4	0	0	0	0	656	368
5	0	0	0	0	622	356
6	0	0	0	0	588	345
7	0	0	0	0	557	335
8	0	0	0	0	528	327
9	0	0	0	0	503	319
10	0	0	0	0	483	313
11	0	0	0	0	468	307
12	0	0	0	0	457	301
13	0	0	0	0	449	296
14	0	0	0	0	446	291
15	0	0	0	0	448	286
0	0	0	0	0	451	282
1	0	0	0	0	457	279
2	0	0	0	0	465	276
3	0	0	0	0	473	275
4	0	0	0	0	478	273
5	0	0	0	0	482	271
6	0	0	0	0	485	271
7	0	0	0	0	484	268
8	0	0	0	0	482	265
9	0	0	0	0	478	263
10	0	0	0	0	472	260
11	0	0	0	0	465	256
12	0	0	0	0	456	254
13	0	0	0	0	447	250
14	0	0	0	0	436	247
15	0	0	0	0	426	244
0	0	0	0	0	416	240
1	0	0	0	0	408	236
2	0	0	0	0	400	232
3	0	0	0	0	393	229
4	0	0	0	0	387	227
5	0	0	0	0	383	225
6	0	0	0	0	378	225
7	0	0	0	0	376	225
8	0	0	0	0	375	227
9	0	0	0	0	381	230
10	0	0	0	0	391	235
11	0	0	0	0	412	239
12	0	0	0	0	440	247
13	0	0	0	0	478	256
14	0	0	0	0	522	266
15	0	0	0	0	572	278
0	0	0	0	0	625	292
1	0	0	0	0	677	305
2	0	0	0	0	725	321
3	0	0	0	0	763	337
4	0	0	0	0	792	352
5	0	0	0	0	809	369
6	0	0	0	0	816	385
7	0	0	0	0	810	399
8	0	0	0	0	795	412
9	0	0	0	0	771	427
10	0	0	0	0	741	440
11	0	0	0	0	707	454
12	0	0	0	0	670	467
13	0	0	0	0	630	480
14	0	0	0	0	590	493
15	0	0	0	0	551	504
0	0	0	0	0	514	515
1	0	0	0	0	479	524
2	0	0	0	0	446	534
3	0	0	0	0	419	543
4	0	0	0	0	399	552
5	0	0	0	0	384	560
6	0	0	0	0	375	568
7	0	0	0	0	373	576
8	0	0	0	0	375	582
9	0	0	0	0	381	587
10	0	0	0	0	391	590
11	0	0	0	0	403	592
12	0	0	0	0	417	595
13	0	0	0	0	430	596
14	0	0	0	0	442	598
15	0	0	0	0	454	599
0	0	0	0	0	462	601
1	0	0	0	0	467	603
2	0	0	0	0	468	604
3	0	0	0	0	465	602
4	0	0	0	0	460	600
5	0	0	0	0	451	597
6	0	0	0	0	442	593
7	0	0	0	0	433	590
8	0	0	0	0	423	586
9	0	0	0	0	416	582
10	0	0	0	0	406	577
11	0	0	0	0	398	572
12	0	0	0	0	389	567
13	0	0	0	0	380	562
14	0	0	0	0	374	558
15	0	0	0	0	368	553
0	0	0	0	0	363	549
1	0	0	0	0	361	545
2	0	0	0	0	358	541
3	0	0	0	0	359	536
4	0	0	0	0	361	530
5	0	0	0	0	369	524
6	0	0	0	0	384	516
7	0	0	0	0	409	509
8	0	0	0	0	441	502
9	0	0	0	0	481	496
10	0	0	0	0	531	491
11	0	0	0	0	586	485
12	0	0	0	0	643	479
13	0	0	0	0	700	472
14	0	0	0	0	752	465
15	0	0	0	0	798	456
0	0	0	0	0	836	448
1	0	0	0	0	862	437
2	0	0	0	0	876	424
3	0	0	0	0	878	413
4	0	0	0	0	869	402
5	0	0	0	0	850	390
6	0	0	0	0	824	379
7	0	0	0	0	794	369
8	0	0	0	0	760	359
9	0	0	0	0	724	350
10	0	0	0	0	686	342
11	0	0	0	0	647	333
12	0	0	0	0	609	323
13	0	0	0	0	574	317
14	0	0	0	0	541	307
15	0	0	0	0	513	300
0	0	0	0	0	487	292
1	0	0	0	0	466	285
2	0	0	0	0	450	279
3	0	0	0	0	442	274
4	0	0	0	0	438	269
5	0	0	0	0	436	264
6	0	0	0	0	438	261
7	0	0	0	0	442	257
8	0	0	0	0	448	253
9	0	0	0	0	456	250
10	0	0	0	0	464	247
11	0	0	0	0	475	245
12	0	0	0	0	481	243
13	0	0	0	0	487	242
14	0	0	0	0	488	240
15	0	0	0	0	487	238
0	0	0	0	0	486	237
1	0	0	0	0	481	236
2	0	0	0	0	474	235
3	0	0	0	0	465	237
4	0	0	0	0	455	238
5	0	0	0	0	444	238
6	0	0	0	0	432	240
7	0	0	0	0	421	241
8	0	0	0	0	412	243
9	0	0	0	0	402	245
10	0	0	0	0	395	248
11	0	0	0	0	388	253
12	0	0	0	0	384	259
13	0	0	0	0	380	265
14	0	0	0	0	381	273
15	0	0	0	0	385	282
0	0	0	0	0	394	292
1	0	0	0	0	410	303
2	0	0	0	0	437	315
3	0	0	0	0	473	328
4	0	0	0	0	517	340
5	0	0	0	0	567	353
6	0	0	0	0	623	366
7	0	0	0	0	678	379
8	0	0	0	0	728	391
9	0	0	0	0	771	403
10	0	0	0	0	805	413
11	0	0	0	0	830	423
12	0	0	0	0	841	435
13	0	0	0	0	841	443
14	0	0	0	0	831	453
15	0	0	0	0	813	462
0	0	0	0	0	787	468
1	0	0	0	0	755	476
2	0	0	0	0	719	483
3	0	0	0	0	679	490
4	0	0	0	0	639	496
5	0	0	0	0	598	503
6	0	0	0	0	559	508
7	0	0	0	0	521	513
8	0	0	0	0	488	518
9	0	0	0	0	458	522
10	0	0	0	0	433	525
11	0	0	0	0	414	528
12	0	0	0	0	401	531
13	0	0	0	0	394	532
14	0	0	0	0	393	533
15	0	0	0	0	398	532
0	0	0	0	0	405	530
1	0	0	0	0	415	527
2	0	0	0	0	425	523
3	0	0	0	0	435	517
4	0	0	0	0	448	512
5	0	0	0	0	457	506
6	0	0	0	0	463	499
7	0	0	0	0	468	493
8	0	0	0	0	470	487
9	0	0	0	0	469	481
10	0	0	0	0	464	473
11	0	0	0	0	459	465
12	0	0	0	0	451	456
13	0	0	0	0	442	448
14	0	0	0	0	433	439
15	0	0	0	0	423	430
0	0	0	0	0	412	421
1	0	0	0	0	401	414
2	0	0	0	0	392	407
3	0	0	0	0	382	401
4	0	0	0	0	372	395
5	0	0	0	0	362	391
6	0	0	0	0	355	386
7	0	0	0	0	348	383
8	0	0	0	0	345	381
9	0	0	0	0	343	380
10	0	0	0	0	343	379
11	0	0	0	0	347	377
12	0	0	0	0	357	376
13	0	0	0	0	376	374
14	0	0	0	0	403	371
15	0	0	0	0	440	368
0	0	0	0	0	489	364
1	0	0	0	0	546	359
2	0	0	0	0	610	355
3	0	0	0	0	679	350
4	0	0	0	0	745	347
5	0	0	0	0	804	343
6	0	0	0	0	854	340
7	0	0	0	0	892	338
8	0	0	0	0	917	336
9	0	0	0	0	927	333
10	0	0	0	0	926	332
11	0	0	0	0	913	332
12	0	0	0	0	891	333
13	0	0	0	0	860	335
14	0	0	0	0	824	336
15	0	0	0	0	783	338
0	0	0	0	0	739	340
1	0	0	0	0	692	341
2	0	0	0	0	649	342
3	0	0	0	0	607	341
4	0	0	0	0	565	340
5	0	0	0	0	529	339
6	0	0	0	0	496	338
7	0	0	0	0	472	336
8	0	0	0	0	450	335
9	0	0	0	0	435	333
10	0	0	0	0	424	331
11	0	0	0	0	420	329
12	0	0	0	0	421	327
13	0	0	0	0	424	324
14	0	0	0	0	431	321
15	0	0	0	0	440	319
0	0	0	0	0	449	315
1	0	0	0	0	457	312
2	0	0	0	0	464	310
3	0	0	0	0	469	308
4	0	0	0	0	473	307
5	0	0	0	0	474	307
6	0	0	0	0	472	309
7	0	0	0	0	470	310
8	0	0	0	0	465	315
9	0	0	0	0	458	321
10	0	0	0	0	448	329
11	0	0	0	0	440	339
12	0	0	0	0	431	349
13	0	0	0	0	422	360
14	0	0	0	0	412	370
15	0	0	0	0	402	380
0	0	0	0	0	393	391
1	0	0	0	0	384	401
2	0	0	0	0	376	412
3	0	0	0	0	367	423
4	0	0	0	0	360	435
5	0	0	0	0	355	447
6	0	0	0	0	352	459
7	0	0	0	0	353	470
8	0	0	0	0	357	480
9	0	0	0	0	368	489
10	0	0	0	0	386	498
11	0	0	0	0	415	507
12	0	0	0	0	453	514
13	0	0	0	0	498	522
14	0	0	0	0	549	530
15	0	0	0	0	604	538
0	0	0	0	0	658	544
1	0	0	0	0	709	551
2	0	0	0	0	752	555
3	0	0	0	0	787	560
4	0	0	0	0	812	563
5	0	0	0	0	825	566
6	0	0	0	0	826	568
7	0	0	0	0	819	569
8	0	0	0	0	803	572
9	0	0	0	0	780	574
10	0	0	0	0	751	576
11	0	0	0	0	719	577
12	0	0	0	0	685	576
13	0	0	0	0	648	575
14	0	0	0	0	611	572
15	0	0	0	0	573	567
0	0	0	0	0	537	561
1	0	0	0	0	505	555
2	0	0	0	0	479	548
3	0	0	0	0	459	541
4	0	0	0	0	442	533
5	0	0	0	0	429	525
6	0	0	0	0	420	515
7	0	0	0	0	415	506
8	0	0	0	0	412	496
9	0	0	0	0	413	485
10	0	0	0	0	417	476
11	0	0	0	0	423	467
12	0	0	0	0	429	459
13	0	0	0	0	434	452
14	0	0	0	0	440	447
15	0	0	0	0	445	441
0	0	0	0	0	449	438
1	0	0	0	0	450	434
2	0	0	0	0	448	430
3	0	0	0	0	447	427
4	0	0	0	0	441	424
5	0	0	0	0	435	422
6	0	0	0	0	427	420
7	0	0	0	0	417	420
8	0	0	0	0	408	421
9	0	0	0	0	397	422
10	0	0	0	0	388	423
11	0	0	0	0	380	424
12	0	0	0	0	372	424
13	0	0	0	0	365	422
14	0	0	0	0	361	421
15	0	0	0	0	360	420
0	0	0	0	0	359	419
1	0	0	0	0	361	419
2	0	0	0	0	364	419
3	0	0	0	0	367	420
4	0	0	0	0	372	422
5	0	0	0	0	382	424
6	0	0	0	0	398	426
7	0	0	0	0	423	429
8	0	0	0	0	457	431
9	0	0	0	0	500	432
10	0	0	0	0	550	434
11	0	0	0	0	608	434
12	0	0	0	0	668	434
13	0	0	0	0	724	432
14	0	0	0	0	774	429
15	0	0	0	0	819	426
0	0	0	0	0	852	422
1	0	0	0	0	872	416
2	0	0	0	0	880	412
3	0	0	0	0	878	407
4	0	0	0	0	864	400
5	0	0	0	0	842	394
6	0	0	0	0	809	390
7	0	0	0	0	771	383
8	0	0	0	0	730	380
9	0	0	0	0	687	376
10	0	0	0	0	643	373
11	0	0	0	0	601	370
12	0	0	0	0	563	368
13	0	0	0	0	527	364
14	0	0	0	0	496	361
15	0	0	0	0	471	358
0	0	0	0	0	451	353
1	0	0	0	0	434	349
2	0	0	0	0	421	344
3	0	0	0	0	414	340
4	0	0	0	0	411	335
5	0	0	0	0	412	331
6	0	0	0	0	418	326
7	0	0	0	0	425	321
8	0	0	0	0	433	315
9	0	0	0	0	440	309
10	0	0	0	0	448	304
11	0	0	0	0	454	299
12	0	0	0	0	457	295
13	0	0	0	0	458	291
14	0	0	0	0	456	288
15	0	0	0	0	455	285
0	0	0	0	0	449	283
1	0	0	0	0	442	284
2	0	0	0	0	433	286
3	0	0	0	0	424	289
4	0	0	0	0	414	295
5	0	0	0	0	403	300
6	0	0	0	0	393	305
7	0	0	0	0	383	309
8	0	0	0	0	373	312
9	0	0	0	0	365	313
10	0	0	0	0	357	314
11	0	0	0	0	352	315
12	0	0	0	0	347	315
13	0	0	0	0	344	316
14	0	0	0	0	344	317
15	0	0	0	0	348	319
0	0	0	0	0	357	320
1	0	0	0	0	371	322
2	0	0	0	0	394	324
3	0	0	0	0	425	326
4	0	0	0	0	466	328
5	0	0	0	0	513	329
6	0	0	0	0	568	330
7	0	0	0	0	626	331
8	0	0	0	0	684	333
9	0	0	0	0	737	335
10	0	0	0	0	783	337
11	0	0	0	0	819	341
12	0	0	0	0	842	343
13	0	0	0	0	854	349
14	0	0	0	0	852	352
15	0	0	0	0	839	357
0	0	0	0	0	817	360
1	0	0	0	0	790	364
2	0	0	0	0	756	369
3	0	0	0	0	722	373
4	0	0	0	0	686	377
5	0	0	0	0	648	382
6	0	0	0	0	613	386
7	0	0	0	0	579	389
8	0	0	0	0	547	392
9	0	0	0	0	517	394
10	0	0	0	0	489	396
11	0	0	0	0	465	397
12	0	0	0	0	447	398
13	0	0	0	0	433	399
14	0	0	0	0	423	400
15	0	0	0	0	417	401
0	0	0	0	0	416	402
1	0	0	0	0	419	403
2	0	0	0	0	422	405
3	0	0	0	0	429	406
4	0	0	0	0	436	407
5	0	0	0	0	442	408
6	0	0	0	0	447	410
7	0	0	0	0	450	410
8	0	0	0	0	453	411
9	0	0	0	0	453	412
10	0	0	0	0	450	412
11	0	0	0	0	448	413
12	0	0	0	0	442	413
13	0	0	0	0	435	414
14	0	0	0	0	427	415
15	0	0	0	0	418	416
0	0	0	0	0	409	418
1	0	0	0	0	398	420
2	0	0	0	0	390	421
3	0	0	0	0	382	422
4	0	0	0	0	376	422
5	0	0	0	0	370	422
6	0	0	0	0	365	423
7	0	0	0	0	360	423
8	0	0	0	0	356	424
9	0	0	0	0	351	426
10	0	0	0	0	347	428
11	0	0	0	0	346	430
12	0	0	0	0	347	433
13	0	0	0	0	355	435
14	0	0	0	0	371	436
15	0	0	0	0	395	436
0	0	0	0	0	428	437
1	0	0	0	0	472	436
2	0	0	0	0	524	436
3	0	0	0	0	582	435
4	0	0	0	0	642	436
5	0	0	0	0	699	437
6	0	0	0	0	749	438
7	0	0	0	0	790	438
8	0	0	0	0	820	440
9	0	0	0	0	840	442
10	0	0	0	0	846	443
11	0	0	0	0	840	444
12	0	0	0	0	823	447
13	0	0	0	0	798	448
14	0	0	0	0	768	450
15	0	0	0	0	731	453
0	0	0	0	0	692	456
1	0	0	0	0	650	459
2	0	0	0	0	608	462
3	0	0	0	0	567	464
4	0	0	0	0	527	466
5	0	0	0	0	491	468
6	0	0	0	0	459	471
7	0	0	0	0	433	473
8	0	0	0	0	412	475
9	0	0	0	0	395	476
10	0	0	0	0	384	477
11	0	0	0	0	379	479
12	0	0	0	0	377	480
13	0	0	0	0	380	482
14	0	0	0	0	385	483
15	0	0	0	0	392	484
0	0	0	0	0	401	486
1	0	0	0	0	409	487
2	0	0	0	0	418	489
3	0	0	0	0	424	490
4	0	0	0	0	430	491
5	0	0	0	0	433	492
6	0	0	0	0	434	494
7	0	0	0	0	432	496
8	0	0	0	0	426	497
9	0	0	0	0	419	497
10	0	0	0	0	412	499
11	0	0	0	0	404	500
12	0	0	0	0	395	502
13	0	0	0	0	386	504
14	0	0	0	0	376	507
15	0	0	0	0	368	508
0	0	0	0	0	360	509
1	0	0	0	0	352	510
2	0	0	0	0	346	509
3	0	0	0	0	341	509
4	0	0	0	0	338	509
5	0	0	0	0	335	510
6	0	0	0	0	333	511
7	0	0	0	0	332	513
8	0	0	0	0	333	515
9	0	0	0	0	335	517
10	0	0	0	0	344	519
11	0	0	0	0	358	520
12	0	0	0	0	379	521
13	0	0	0	0	408	523
14	0	0	0	0	447	524
15	0	0	0	0	495	525
0	0	0	0	0	545	527
1	0	0	0	0	601	530
2	0	0	0	0	654	532
3	0	0	0	0	701	536
4	0	0	0	0	740	538
5	0	0	0	0	767	541
6	0	0	0	0	784	546
7	0	0	0	0	790	550
8	0	0	0	0	784	554
9	0	0	0	0	769	560
10	0	0	0	0	747	567
11	0	0	0	0	718	575
12	0	0	0	0	685	583
13	0	0	0	0	648	593
14	0	0	0	0	610	604
15	0	0	0	0	572	615
0	0	0	0	0	535	627
1	0	0	0	0	502	639
2	0	0	0	0	472	652
3	0	0	0	0	444	663
4	0	0	0	0	422	673
5	0	0	0	0	405	683
6	0	0	0	0	392	691
7	0	0	0	0	383	700
8	0	0	0	0	376	709
9	0	0	0	0	375	717
10	0	0	0	0	377	726
11	0	0	0	0	382	734
12	0	0	0	0	387	743
13	0	0	0	0	395	751
14	0	0	0	0	401	759
15	0	0	0	0	407	768
0	0	0	0	0	412	775
1	0	0	0	0	415	784
2	0	0	0	0	418	792
3	0	0	0	0	418	799
4	0	0	0	0	416	806
5	0	0	0	0	413	812
6	0	0	0	0	409	818
7	0	0	0	0	405	824
8	0	0	0	0	398	831
9	0	0	0	0	390	838
10	0	0	0	0	382	846
11	0	0	0	0	373	853
12	0	0	0	0	366	861
13	0	0	0	0	359	867
14	0	0	0	0	354	873
15	0	0	0	0	350	879
0	0	0	0	0	344	885
1	0	0	0	0	342	892
2	0	0	0	0	339	898
3	0	0	0	0	338	903
4	0	0	0	0	335	909
5	0	0	0	0	335	915
6	0	0	0	0	337	921
7	0	0	0	0	341	926
8	0	0	0	0	351	932
9	0	0	0	0	364	937
10	0	0	0	0	382	942
11	0	0	0	0	407	947
12	0	0	0	0	439	952
13	0	0	0	0	476	956
14	0	0	0	0	519	960
15	0	0	0	0	563	963
0	0	0	0	0	605	966
1	0	0	0	0	642	967
2	0	0	0	0	672	966
3	0	0	0	0	694	964
4	0	0	0	0	708	962
5	0	0	0	0	711	959
6	0	0	0	0	705	955
7	0	0	0	0	691	950
8	0	0	0	0	671	944
9	0	0	0	0	643	937
10	0	0	0	0	613	929
11	0	0	0	0	579	919
12	0	0	0	0	545	909
13	0	0	0	0	511	898
14	0	0	0	0	480	886
15	0	0	0	0	451	873
0	0	0	0	0	425	861
1	0	0	0	0	404	849
2	0	0	0	0	388	837
3	0	0	0	0	377	824
4	0	0	0	0	369	813
5	0	0	0	0	367	801
6	0	0	0	0	371	789
7	0	0	0	0	379	777
8	0	0	0	0	386	765
9	0	0	0	0	395	753
10	0	0	0	0	406	741
11	0	0	0	0	415	728
12	0	0	0	0	424	715
13	0	0	0	0	432	702
14	0	0	0	0	440	689
15	0	0	0	0	444	676
0	0	0	0	0	445	663
1	0	0	0	0	445	650
2	0	0	0	0	446	639
3	0	0	0	0	444	627
4	0	0	0	0	441	617
5	0	0	0	0	438	608
6	0	0	0	0	434	599
7	0	0	0	0	431	590
8	0	0	0	0	427	582
9	0	0	0	0	423	574
10	0	0	0	0	419	567
11	0	0	0	0	416	560
12	0	0	0	0	412	555
13	0	0	0	0	408	549
14	0	0	0	0	404	544
15	0	0	0	0	400	540
0	0	0	0	0	398	537
1	0	0	0	0	398	534
2	0	0	0	0	399	531
3	0	0	0	0	409	529
4	0	0	0	0	423	527
5	0	0	0	0	441	524
6	0	0	0	0	467	521
7	0	0	0	0	500	518
8	0	0	0	0	537	514
9	0	0	0	0	576	510
10	0	0	0	0	618	505
11	0	0	0	0	657	500
12	0	0	0	0	690	496
13	0	0	0	0	715	491
14	0	0	0	0	729	485
15	0	0	0	0	737	480
0	0	0	0	0	734	475
1	0	0	0	0	722	472
2	0	0	0	0	703	467
3	0	0	0	0	679	464
4	0	0	0	0	650	460
5	0	0	0	0	617	456
6	0	0	0	0	583	453
7	0	0	0	0	551	451
8	0	0	0	0	518	449
9	0	0	0	0	487	448
10	0	0	0	0	459	448
11	0	0	0	0	435	448
12	0	0	0	0	418	450
13	0	0	0	0	404	453
14	0	0	0	0	397	457
15	0	0	0	0	393	462
0	0	0	0	0	393	467
1	0	0	0	0	396	474
2	0	0	0	0	402	481
3	0	0	0	0	409	489
4	0	0	0	0	415	499
5	0	0	0	0	421	510
6	0	0	0	0	429	521
7	0	0	0	0	435	532
8	0	0	0	0	438	543
9	0	0	0	0	439	554
10	0	0	0	0	438	565
11	0	0	0	0	435	574
12	0	0	0	0	430	583
13	0	0	0	0	424	593
14	0	0	0	0	418	603
15	0	0	0	0	412	614
0	0	0	0	0	407	625
1	0	0	0	0	402	637
2	0	0	0	0	397	648
3	0	0	0	0	390	659
4	0	0	0	0	386	669
5	0	0	0	0	381	679
6	0	0	0	0	377	689
7	0	0	0	0	373	697
8	0	0	0	0	369	706
9	0	0	0	0	366	715
10	0	0	0	0	364	723
11	0	0	0	0	363	730
12	0	0	0	0	364	737
13	0	0	0	0	371	744
14	0	0	0	0	381	750
15	0	0	0	0	399	756
0	0	0	0	0	423	761
1	0	0	0	0	456	766
2	0	0	0	0	495	769
3	0	0	0	0	540	771
4	0	0	0	0	583	773
5	0	0	0	0	625	772
6	0	0	0	0	664	770
7	0	0	0	0	697	768
8	0	0	0	0	721	763
9	0	0	0	0	739	756
10	0	0	0	0	745	748
11	0	0	0	0	743	740
12	0	0	0	0	732	730
13	0	0	0	0	712	719
14	0	0	0	0	688	707
15	0	0	0	0	661	696
0	0	0	0	0	630	684
1	0	0	0	0	599	672
2	0	0	0	0	568	660
3	0	0	0	0	537	648
4	0	0	0	0	508	637
5	0	0	0	0	481	625
6	0	0	0	0	458	613
7	0	0	0	0	439	601
8	0	0	0	0	425	589
9	0	0	0	0	416	577
10	0	0	0	0	413	565
11	0	0	0	0	415	554
12	0	0	0	0	420	543
13	0	0	0	0	429	532
14	0	0	0	0	440	522
15	0	0	0	0	451	512
0	0	0	0	0	463	503
1	0	0	0	0	474	494
2	0	0	0	0	484	486
3	0	0	0	0	492	478
4	0	0	0	0	499	470
5	0	0	0	0	504	462
6	0	0	0	0	506	455
7	0	0	0	0	507	449
8	0	0	0	0	506	445
9	0	0	0	0	503	441
10	0	0	0	0	497	437
11	0	0	0	0	491	433
12	0	0	0	0	482	429
13	0	0	0	0	474	425
14	0	0	0	0	466	422
15	0	0	0	0	457	419
0	0	0	0	0	448	417
1	0	0	0	0	438	416
2	0	0	0	0	428	415
3	0	0	0	0	422	416
4	0	0	0	0	417	416
5	0	0	0	0	417	416
6	0	0	0	0	423	416
7	0	0	0	0	434	415
8	0	0	0	0	452	415
9	0	0	0	0	481	414
10	0	0	0	0	516	412
11	0	0	0	0	558	410
12	0	0	0	0	605	408
13	0	0	0	0	653	406
14	0	0	0	0	699	403
15	0	0	0	0	740	401
0	0	0	0	0	773	399
1	0	0	0	0	799	398
2	0	0	0	0	813	396
3	0	0	0	0	819	395
4	0	0	0	0	815	392
5	0	0	0	0	802	391
6	0	0	0	0	781	389
7	0	0	0	0	753	387
8	0	0	0	0	720	386
9	0	0	0	0	685	384
10	0	0	0	0	647	384
11	0	0	0	0	609	383
12	0	0	0	0	574	383
13	0	0	0	0	539	383
14	0	0	0	0	509	384
15	0	0	0	0	483	387
0	0	0	0	0	461	390
1	0	0	0	0	443	395
2	0	0	0	0	429	401
3	0	0	0	0	421	409
4	0	0	0	0	418	417
5	0	0	0	0	418	427
6	0	0	0	0	420	437
7	0	0	0	0	425	448
8	0	0	0	0	432	458
9	0	0	0	0	440	467
10	0	0	0	0	446	476
11	0	0	0	0	451	484
12	0	0	0	0	455	491
13	0	0	0	0	455	497
14	0	0	0	0	456	502
15	0	0	0	0	454	507
0	0	0	0	0	451	513
1	0	0	0	0	447	520
2	0	0	0	0	442	529
3	0	0	0	0	437	537
4	0	0	0	0	431	544
5	0	0	0	0	423	551
6	0	0	0	0	415	556
7	0	0	0	0	407	561
8	0	0	0	0	399	566
9	0	0	0	0	392	569
10	0	0	0	0	385	574
11	0	0	0	0	380	576
12	0	0	0	0	376	578
13	0	0	0	0	374	580
14	0	0	0	0	373	583
15	0	0	0	0	379	584
0	0	0	0	0	391	586
1	0	0	0	0	412	586
2	0	0	0	0	442	585
3	0	0	0	0	482	582
4	0	0	0	0	528	578
5	0	0	0	0	580	573
6	0	0	0	0	635	567
7	0	0	0	0	688	561
8	0	0	0	0	736	554
9	0	0	0	0	778	547
10	0	0	0	0	810	538
11	0	0	0	0	831	530
12	0	0	0	0	840	523
13	0	0	0	0	838	513
14	0	0	0	0	825	504
15	0	0	0	0	803	496
0	0	0	0	0	776	486
1	0	0	0	0	742	478
2	0	0	0	0	704	469
3	0	0	0	0	665	462
4	0	0	0	0	625	455
5	0	0	0	0	587	450
6	0	0	0	0	551	445
7	0	0	0	0	518	442
8	0	0	0	0	489	440
9	0	0	0	0	467	438
10	0	0	0	0	449	437
11	0	0	0	0	436	437
12	0	0	0	0	433	438
13	0	0	0	0	433	438
14	0	0	0	0	438	439
15	0	0	0	0	446	439
0	0	0	0	0	457	440
1	0	0	0	0	469	441
2	0	0	0	0	481	441
3	0	0	0	0	493	442
4	0	0	0	0	502	443
5	0	0	0	0	508	443
6	0	0	0	0	512	443
7	0	0	0	0	514	442
8	0	0	0	0	513	443
9	0	0	0	0	511	444
10	0	0	0	0	508	446
11	0	0	0	0	501	448
12	0	0	0	0	493	449
13	0	0	0	0	483	450
14	0	0	0	0	473	449
15	0	0	0	0	462	448
0	0	0	0	0	450	445
1	0	0	0	0	439	443
2	0	0	0	0	428	440
3	0	0	0	0	421	439
4	0	0	0	0	413	437
5	0	0	0	0	408	437
6	0	0	0	0	407	436
7	0	0	0	0	408	437
8	0	0	0	0	415	436
9	0	0	0	0	431	435
10	0	0	0	0	457	434
11	0	0	0	0	492	432
12	0	0	0	0	535	430
13	0	0	0	0	586	427
14	0	0	0	0	641	423
15	0	0	0	0	696	421
0	0	0	0	0	748	418
1	0	0	0	0	794	416
2	0	0	0	0	829	413
3	0	0	0	0	854	411
4	0	0	0	0	868	408
5	0	0	0	0	868	407
6	0	0	0	0	860	404
7	0	0	0	0	839	403
8	0	0	0	0	812	402
9	0	0	0	0	777	401
10	0	0	0	0	738	402
11	0	0	0	0	695	405
12	0	0	0	0	652	411
13	0	0	0	0	607	417
14	0	0	0	0	565	425
15	0	0	0	0	525	435
0	0	0	0	0	489	444
1	0	0	0	0	459	454
2	0	0	0	0	434	465
3	0	0	0	0	415	476
4	0	0	0	0	401	487
5	0	0	0	0	391	500
6	0	0	0	0	387	513
7	0	0	0	0	387	527
8	0	0	0	0	389	540
9	0	0	0	0	394	553
10	0	0	0	0	402	568
11	0	0	0	0	411	580
12	0	0	0	0	417	593
13	0	0	0	0	423	606
14	0	0	0	0	429	616
15	0	0	0	0	432	625
0	0	0	0	0	433	633
1	0	0	0	0	431	641
2	0	0	0	0	427	649
3	0	0	0	0	421	655
4	0	0	0	0	413	662
5	0	0	0	0	402	668
6	0	0	0	0	389	671
7	0	0	0	0	374	675
8	0	0	0	0	356	678
9	0	0	0	0	337	681
10	0	0	0	0	320	685
11	0	0	0	0	307	690
12	0	0	0	0	300	694
13	0	0	0	0	296	698
14	0	0	0	0	299	702
15	0	0	0	0	309	706
0	0	0	0	0	325	708
1	0	0	0	0	347	710
2	0	0	0	0	378	711
3	0	0	0	0	417	713
4	0	0	0	0	466	714
5	0	0	0	0	521	715
6	0	0	0	0	577	717
7	0	0	0	0	635	719
8	0	0	0	0	688	721
9	0	0	0	0	736	723
10	0	0	0	0	773	724
11	0	0	0	0	801	725
12	0	0	0	0	819	723
13	0	0	0	0	823	720
14	0	0	0	0	815	715
15	0	0	0	0	796	709
0	0	0	0	0	768	703
1	0	0	0	0	730	695
2	0	0	0	0	686	687
3	0	0	0	0	638	679
4	0	0	0	0	585	669
5	0	0	0	0	532	659
6	0	0	0	0	480	647
7	0	0	0	0	432	636
8	0	0	0	0	389	626
9	0	0	0	0	352	615
10	0	0	0	0	323	605
11	0	0	0	0	304	598
12	0	0	0	0	293	589
13	0	0	0	0	292	582
14	0	0	0	0	299	573
15	0	0	0	0	312	566
0	0	0	0	0	330	559
1	0	0	0	0	349	552
2	0	0	0	0	371	546
3	0	0	0	0	396	540
4	0	0	0	0	419	537
5	0	0	0	0	440	534
6	0	0	0	0	460	532
7	0	0	0	0	476	531
8	0	0	0	0	489	531
9	0	0	0	0	497	531
10	0	0	0	0	501	532
11	0	0	0	0	502	534
12	0	0	0	0	499	535
13	0	0	0	0	493	534
14	0	0	0	0	484	531
15	0	0	0	0	475	529
0	0	0	0	0	462	526
1	0	0	0	0	449	523
2	0	0	0	0	437	520
3	0	0	0	0	424	519
4	0	0	0	0	411	517
5	0	0	0	0	397	516
6	0	0	0	0	386	516
7	0	0	0	0	379	515
8	0	0	0	0	374	516
9	0	0	0	0	381	516
10	0	0	0	0	399	517
11	0	0	0	0	427	518
12	0	0	0	0	465	519
13	0	0	0	0	515	520
14	0	0	0	0	571	521
15	0	0	0	0	630	521
0	0	0	0	0	689	522
1	0	0	0	0	742	523
2	0	0	0	0	787	523
3	0	0	0	0	820	524
4	0	0	0	0	843	524
5	0	0	0	0	852	525
6	0	0	0	0	847	524
7	0	0	0	0	831	524
8	0	0	0	0	803	524
9	0	0	0	0	769	525
10	0	0	0	0	730	524
11	0	0	0	0	686	524
12	0	0	0	0	641	523
13	0	0	0	0	596	523
14	0	0	0	0	553	521
15	0	0	0	0	512	519
0	0	0	0	0	473	517
1	0	0	0	0	441	515
2	0	0	0	0	413	512
3	0	0	0	0	393	511
4	0	0	0	0	378	510
5	0	0	0	0	371	511
6	0	0	0	0	371	513
7	0	0	0	0	375	518
8	0	0	0	0	383	524
9	0	0	0	0	393	531
10	0	0	0	0	405	540
11	0	0	0	0	417	550
12	0	0	0	0	428	560
13	0	0	0	0	435	571
14	0	0	0	0	439	583
15	0	0	0	0	442	594
0	0	0	0	0	442	607
1	0	0	0	0	440	622
2	0	0	0	0	435	638
3	0	0	0	0	430	655
4	0	0	0	0	422	671
5	0	0	0	0	415	688
6	0	0	0	0	406	703
7	0	0	0	0	399	717
8	0	0	0	0	390	732
9	0	0	0	0	380	745
10	0	0	0	0	373	759
11	0	0	0	0	365	772
12	0	0	0	0	358	786
13	0	0	0	0	352	799
14	0	0	0	0	347	812
15	0	0	0	0	344	826
0	0	0	0	0	345	838
1	0	0	0	0	353	849
2	0	0	0	0	372	861
3	0	0	0	0	399	871
4	0	0	0	0	435	880
5	0	0	0	0	481	889
6	0	0	0	0	534	898
7	0	0	0	0	591	905
8	0	0	0	0	649	913
9	0	0	0	0	703	920
10	0	0	0	0	751	926
11	0	0	0	0	791	932
12	0	0	0	0	815	935
13	0	0	0	0	827	938
14	0	0	0	0	828	939
15	0	0	0	0	818	938
0	0	0	0	0	799	937
1	0	0	0	0	771	935
2	0	0	0	0	738	933
3	0	0	0	0	700	930
4	0	0	0	0	659	928
5	0	0	0	0	616	925
6	0	0	0	0	572	923
7	0	0	0	0	531	919
8	0	0	0	0	493	915
9	0	0	0	0	457	910
10	0	0	0	0	426	904
11	0	0	0	0	403	897
12	0	0	0	0	384	890
13	0	0	0	0	372	883
14	0	0	0	0	367	875
15	0	0	0	0	367	867
0	0	0	0	0	370	859
1	0	0	0	0	377	850
2	0	0	0	0	388	842
3	0	0	0	0	401	833
4	0	0	0	0	413	823
5	0	0	0	0	426	813
6	0	0	0	0	437	802
7	0	0	0	0	446	791
8	0	0	0	0	454	780
9	0	0	0	0	458	770
10	0	0	0	0	461	760
11	0	0	0	0	459	752
12	0	0	0	0	453	745
13	0	0	0	0	446	738
14	0	0	0	0	438	731
15	0	0	0	0	429	724
0	0	0	0	0	419	718
1	0	0	0	0	409	712
2	0	0	0	0	399	706
3	0	0	0	0	388	700
4	0	0	0	0	377	695
5	0	0	0	0	368	690
6	0	0	0	0	360	687
7	0	0	0	0	353	681
8	0	0	0	0	354	676
9	0	0	0	0	359	669
10	0	0	0	0	373	661
11	0	0	0	0	395	651
12	0	0	0	0	426	642
13	0	0	0	0	467	632
14	0	0	0	0	517	623
15	0	0	0	0	571	615
0	0	0	0	0	631	607
1	0	0	0	0	689	601
2	0	0	0	0	742	595
3	0	0	0	0	786	591
4	0	0	0	0	820	585
5	0	0	0	0	843	580
6	0	0	0	0	851	575
7	0	0	0	0	847	570
8	0	0	0	0	830	566
9	0	0	0	0	805	563
10	0	0	0	0	771	560
11	0	0	0	0	731	558
12	0	0	0	0	686	557
13	0	0	0	0	639	556
14	0	0	0	0	592	554
15	0	0	0	0	547	553
0	0	0	0	0	504	552
1	0	0	0	0	466	551
2	0	0	0	0	433	551
3	0	0	0	0	408	551
4	0	0	0	0	387	550
5	0	0	0	0	373	547
6	0	0	0	0	367	545
7	0	0	0	0	366	541
8	0	0	0	0	372	538
9	0	0	0	0	381	534
10	0	0	0	0	392	529
11	0	0	0	0	404	524
12	0	0	0	0	417	520
13	0	0	0	0	430	516
14	0	0	0	0	440	512
15	0	0	0	0	448	507
0	0	0	0	0	453	503
1	0	0	0	0	456	499
2	0	0	0	0	456	496
3	0	0	0	0	453	493
4	0	0	0	0	449	491
5	0	0	0	0	441	489
6	0	0	0	0	431	486
7	0	0	0	0	420	484
8	0	0	0	0	408	482
9	0	0	0	0	397	482
10	0	0	0	0	385	484
11	0	0	0	0	375	488
12	0	0	0	0	366	494
13	0	0	0	0	358	501
14	0	0	0	0	350	508
15	0	0	0	0	347	517
0	0	0	0	0	345	526
1	0	0	0	0	350	536
2	0	0	0	0	362	548
3	0	0	0	0	384	560
4	0	0	0	0	415	573
5	0	0	0	0	455	586
6	0	0	0	0	501	598
7	0	0	0	0	553	609
8	0	0	0	0	608	620
9	0	0	0	0	660	631
10	0	0	0	0	705	641
11	0	0	0	0	747	652
12	0	0	0	0	775	662
13	0	0	0	0	792	671
14	0	0	0	0	798	678
15	0	0	0	0	791	685
0	0	0	0	0	773	691
1	0	0	0	0	747	697
2	0	0	0	0	714	702
3	0	0	0	0	677	707
4	0	0	0	0	636	712
5	0	0	0	0	595	717
6	0	0	0	0	554	721
7	0	0	0	0	515	724
8	0	0	0	0	477	727
9	0	0	0	0	444	728
10	0	0	0	0	415	728
11	0	0	0	0	393	728
12	0	0	0	0	375	726
13	0	0	0	0	365	724
14	0	0	0	0	361	721
15	0	0	0	0	361	717
0	0	0	0	0	364	712
1	0	0	0	0	371	706
2	0	0	0	0	382	701
3	0	0	0	0	395	694
4	0	0	0	0	404	687
5	0	0	0	0	412	679
6	0	0	0	0	422	672
7	0	0	0	0	428	664
8	0	0	0	0	433	655
9	0	0	0	0	436	645
10	0	0	0	0	438	635
11	0	0	0	0	437	624
12	0	0	0	0	433	613
13	0	0	0	0	428	602
14	0	0	0	0	422	591
15	0	0	0	0	416	580
0	0	0	0	0	408	569
1	0	0	0	0	399	559
2	0	0	0	0	391	550
3	0	0	0	0	384	541
4	0	0	0	0	377	532
5	0	0	0	0	371	524
6	0	0	0	0	366	516
7	0	0	0	0	361	510
8	0	0	0	0	358	503
9	0	0	0	0	359	497
10	0	0	0	0	368	490
11	0	0	0	0	384	483
12	0	0	0	0	412	476
13	0	0	0	0	449	470
14	0	0	0	0	497	464
15	0	0	0	0	550	458
0	0	0	0	0	611	452
1	0	0	0	0	673	445
2	0	0	0	0	733	436
3	0	0	0	0	788	429
4	0	0	0	0	835	422
5	0	0	0	0	872	414
6	0	0	0	0	896	408
7	0	0	0	0	908	401
8	0	0	0	0	907	396
9	0	0	0	0	894	391
10	0	0	0	0	871	384
11	0	0	0	0	841	377
12	0	0	0	0	803	370
13	0	0	0	0	760	363
14	0	0	0	0	711	356
15	0	0	0	0	664	351
0	0	0	0	0	615	345
1	0	0	0	0	568	340
2	0	0	0	0	524	335
3	0	0	0	0	485	329
4	0	0	0	0	452	323
5	0	0	0	0	425	318
6	0	0	0	0	405	312
7	0	0	0	0	392	306
8	0	0	0	0	387	301
9	0	0	0	0	385	296
10	0	0	0	0	391	291
11	0	0	0	0	399	287
12	0	0	0	0	409	282
13	0	0	0	0	420	278
14	0	0	0	0	431	274
15	0	0	0	0	441	271
0	0	0	0	0	447	267
1	0	0	0	0	452	263
2	0	0	0	0	453	260
3	0	0	0	0	452	257
4	0	0	0	0	447	256
5	0	0	0	0	441	255
6	0	0	0	0	435	253
7	0	0	0	0	427	252
8	0	0	0	0	416	249
9	0	0	0	0	406	247
10	0	0	0	0	395	244
11	0	0	0	0	385	242
12	0	0	0	0	374	240
13	0	0	0	0	365	239
14	0	0	0	0	355	237
15	0	0	0	0	348	237
0	0	0	0	0	342	237
1	0	0	0	0	343	237
2	0	0	0	0	348	238
3	0	0	0	0	359	239
4	0	0	0	0	381	241
5	0	0	0	0	413	246
6	0	0	0	0	453	252
7	0	0	0	0	502	260
8	0	0	0	0	556	271
9	0	0	0	0	615	282
10	0	0	0	0	674	294
11	0	0	0	0	728	308
12	0	0	0	0	774	323
13	0	0	0	0	810	335
14	0	0	0	0	835	349
15	0	0	0	0	844	365
0	0	0	0	0	839	379
1	0	0	0	0	823	393
2	0	0	0	0	796	407
3	0	0	0	0	763	420
4	0	0	0	0	722	432
5	0	0	0	0	678	443
6	0	0	0	0	630	454
7	0	0	0	0	581	465
8	0	0	0	0	532	475
9	0	0	0	0	487	487
10	0	0	0	0	446	498
11	0	0	0	0	410	509
12	0	0	0	0	379	519
13	0	0	0	0	354	530
14	0	0	0	0	337	540
15	0	0	0	0	328	549
0	0	0	0	0	324	558
1	0	0	0	0	325	566
2	0	0	0	0	332	574
3	0	0	0	0	344	580
4	0	0	0	0	355	588
5	0	0	0	0	370	593
6	0	0	0	0	385	598
7	0	0	0	0	400	601
8	0	0	0	0	412	604
9	0	0	0	0	423	605
10	0	0	0	0	430	606
11	0	0	0	0	436	605
12	0	0	0	0	439	604
13	0	0	0	0	438	602
14	0	0	0	0	437	600
15	0	0	0	0	435	599
0	0	0	0	0	429	595
1	0	0	0	0	421	591
2	0	0	0	0	413	585
3	0	0	0	0	403	579
4	0	0	0	0	395	572
5	0	0	0	0	385	564
6	0	0	0	0	377	555
7	0	0	0	0	370	545
8	0	0	0	0	363	536
9	0	0	0	0	356	527
10	0	0	0	0	352	519
11	0	0	0	0	349	512
12	0	0	0	0	349	504
13	0	0	0	0	356	496
14	0	0	0	0	372	489
15	0	0	0	0	398	480
0	0	0	0	0	432	470
1	0	0	0	0	477	460
2	0	0	0	0	531	449
3	0	0	0	0	588	438
4	0	0	0	0	647	425
5	0	0	0	0	704	412
6	0	0	0	0	755	398
7	0	0	0	0	796	384
8	0	0	0	0	827	369
9	0	0	0	0	848	354
10	0	0	0	0	856	339
11	0	0	0	0	853	325
12	0	0	0	0	838	310
13	0	0	0	0	816	296
14	0	0	0	0	788	282
15	0	0	0	0	752	272
0	0	0	0	0	713	262
1	0	0	0	0	675	254
2	0	0	0	0	635	244
3	0	0	0	0	595	238
4	0	0	0	0	558	229
5	0	0	0	0	523	220
6	0	0	0	0	493	212
7	0	0	0	0	466	205
8	0	0	0	0	446	198
9	0	0	0	0	432	190
10	0	0	0	0	422	185
11	0	0	0	0	419	179
12	0	0	0	0	419	176
13	0	0	0	0	423	171
14	0	0	0	0	430	170
15	0	0	0	0	438	167
0	0	0	0	0	447	167
1	0	0	0	0	455	167
2	0	0	0	0	463	168
3	0	0	0	0	468	167
4	0	0	0	0	473	168
5	0	0	0	0	474	169
6	0	0	0	0	473	170
7	0	0	0	0	470	169
8	0	0	0	0	466	171
9	0	0	0	0	460	174
10	0	0	0	0	451	173
11	0	0	0	0	442	175
12	0	0	0	0	433	174
13	0	0	0	0	423	175
14	0	0	0	0	414	174
15	0	0	0	0	405	176
0	0	0	0	0	395	176
1	0	0	0	0	385	180
2	0	0	0	0	377	182
3	0	0	0	0	371	187
4	0	0	0	0	366	190
5	0	0	0	0	365	195
6	0	0	0	0	371	200
7	0	0	0	0	385	204
8	0	0	0	0	408	208
9	0	0	0	0	442	211
10	0	0	0	0	486	215
11	0	0	0	0	537	219
12	0	0	0	0	594	223
13	0	0	0	0	652	228
14	0	0	0	0	710	232
15	0	0	0	0	760	237
0	0	0	0	0	801	243
1	0	0	0	0	831	253
2	0	0	0	0	849	260
3	0	0	0	0	856	270
4	0	0	0	0	849	281
5	0	0	0	0	834	289
6	0	0	0	0	810	302
7	0	0	0	0	777	313
8	0	0	0	0	739	322
9	0	0	0	0	696	335
10	0	0	0	0	652	343
11	0	0	0	0	606	354
12	0	0	0	0	560	363
13	0	0	0	0	520	372
14	0	0	0	0	483	382
15	0	0	0	0	452	391
0	0	0	0	0	424	400
1	0	0	0	0	404	409
2	0	0	0	0	388	417
3	0	0	0	0	378	425
4	0	0	0	0	375	433
5	0	0	0	0	377	440
6	0	0	0	0	381	447
7	0	0	0	0	389	455
8	0	0	0	0	399	462
9	0	0	0	0	409	469
10	0	0	0	0	420	477
11	0	0	0	0	430	485
12	0	0	0	0	439	493
13	0	0	0	0	446	501
14	0	0	0	0	451	508
15	0	0	0	0	452	515
0	0	0	0	0	451	520
1	0	0	0	0	448	525
2	0	0	0	0	442	529
3	0	0	0	0	434	535
4	0	0	0	0	426	539
5	0	0	0	0	418	544
6	0	0	0	0	409	547
7	0	0	0	0	403	550
8	0	0	0	0	396	552
9	0	0	0	0	391	554
10	0	0	0	0	386	555
11	0	0	0	0	382	557
12	0	0	0	0	376	558
13	0	0	0	0	373	560
14	0	0	0	0	368	560
15	0	0	0	0	366	562
0	0	0	0	0	364	562
1	0	0	0	0	364	563
2	0	0	0	0	365	564
3	0	0	0	0	372	563
4	0	0	0	0	389	560
5	0	0	0	0	420	556
6	0	0	0	0	461	550
7	0	0	0	0	511	542
8	0	0	0	0	557	534
9	0	0	0	0	598	526
10	0	0	0	0	636	518
11	0	0	0	0	673	510
12	0	0	0	0	708	504
13	0	0	0	0	736	497
14	0	0	0	0	760	492
15	0	0	0	0	776	484
0	0	0	0	0	785	478
1	0	0	0	0	785	471
2	0	0	0	0	778	464
3	0	0	0	0	763	457
4	0	0	0	0	742	450
5	0	0	0	0	715	443
6	0	0	0	0	683	436
7	0	0	0	0	649	430
8	0	0	0	0	614	424
9	0	0	0	0	578	417
10	0	0	0	0	546	411
11	0	0	0	0	514	405
12	0	0	0	0	485	399
13	0	0	0	0	458	393
14	0	0	0	0	439	388
15	0	0	0	0	425	383
0	0	0	0	0	416	378
1	0	0	0	0	412	373
2	0	0	0	0	415	368
3	0	0	0	0	422	362
4	0	0	0	0	432	356
5	0	0	0	0	447	350
6	0	0	0	0	463	343
7	0	0	0	0	478	336
8	0	0	0	0	489	329
9	0	0	0	0	500	323
10	0	0	0	0	507	316
11	0	0	0	0	510	309
12	0	0	0	0	510	303
13	0	0	0	0	504	296
14	0	0	0	0	496	291
15	0	0	0	0	485	286
0	0	0	0	0	473	281
1	0	0	0	0	459	278
2	0	0	0	0	444	274
3	0	0	0	0	431	269
4	0	0	0	0	417	265
5	0	0	0	0	403	260
6	0	0	0	0	392	257
7	0	0	0	0	385	254
8	0	0	0	0	378	252
9	0	0	0	0	372	249
10	0	0	0	0	368	248
11	0	0	0	0	366	246
12	0	0	0	0	368	245
13	0	0	0	0	374	243
14	0	0	0	0	385	243
15	0	0	0	0	406	241
0	0	0	0	0	437	240
1	0	0	0	0	477	237
2	0	0	0	0	526	237
3	0	0	0	0	579	235
4	0	0	0	0	637	235
5	0	0	0	0	695	235
6	0	0	0	0	750	231
7	0	0	0	0	796	231
8	0	0	0	0	832	229
9	0	0	0	0	857	231
10	0	0	0	0	870	232
11	0	0	0	0	871	231
12	0	0	0	0	860	230
13	0	0	0	0	840	231
14	0	0	0	0	813	233
15	0	0	0	0	780	234
0	0	0	0	0	743	233
1	0	0	0	0	702	236
2	0	0	0	0	660	238
3	0	0	0	0	619	243
4	0	0	0	0	580	244
5	0	0	0	0	542	248
6	0	0	0	0	506	253
7	0	0	0	0	476	258
8	0	0	0	0	449	263
9	0	0	0	0	427	268
10	0	0	0	0	411	274
11	0	0	0	0	402	281
12	0	0	0	0	396	289
13	0	0	0	0	396	297
14	0	0	0	0	401	304
15	0	0	0	0	411	312
0	0	0	0	0	422	318
1	0	0	0	0	435	323
2	0	0	0	0	447	327
3	0	0	0	0	458	332
4	0	0	0	0	465	336
5	0	0	0	0	469	340
6	0	0	0	0	470	344
7	0	0	0	0	468	349
8	0	0	0	0	463	352
9	0	0	0	0	456	355
10	0	0	0	0	447	357
11	0	0	0	0	440	358
12	0	0	0	0	430	358
13	0	0	0	0	420	359
14	0	0	0	0	410	361
15	0	0	0	0	402	364
0	0	0	0	0	392	366
1	0	0	0	0	383	367
2	0	0	0	0	376	367
3	0	0	0	0	371	367
4	0	0	0	0	366	366
5	0	0	0	0	362	366
6	0	0	0	0	360	366
7	0	0	0	0	359	365
8	0	0	0	0	358	365
9	0	0	0	0	358	364
10	0	0	0	0	360	364
11	0	0	0	0	365	364
12	0	0	0	0	372	364
13	0	0	0	0	385	365
14	0	0	0	0	407	366
15	0	0	0	0	438	368
0	0	0	0	0	480	370
1	0	0	0	0	529	372
2	0	0	0	0	584	373
3	0	0	0	0	644	374
4	0	0	0	0	703	375
5	0	0	0	0	759	375
6	0	0	0	0	806	374
7	0	0	0	0	846	374
8	0	0	0	0	874	373
9	0	0	0	0	889	371
10	0	0	0	0	893	371
11	0	0	0	0	885	369
12	0	0	0	0	868	369
13	0	0	0	0	842	368
14	0	0	0	0	809	368
15	0	0	0	0	774	366
0	0	0	0	0	736	364
1	0	0	0	0	696	362
2	0	0	0	0	655	360
3	0	0	0	0	614	358
4	0	0	0	0	576	355
5	0	0	0	0	541	353
6	0	0	0	0	510	352
7	0	0	0	0	484	350
8	0	0	0	0	463	349
9	0	0	0	0	448	347
10	0	0	0	0	440	345
11	0	0	0	0	436	343
12	0	0	0	0	438	341
13	0	0	0	0	442	339
14	0	0	0	0	451	337
15	0	0	0	0	462	335
0	0	0	0	0	474	332
1	0	0	0	0	485	330
2	0	0	0	0	495	327
3	0	0	0	0	505	327
4	0	0	0	0	510	327
5	0	0	0	0	512	327
6	0	0	0	0	512	328
7	0	0	0	0	509	329
8	0	0	0	0	504	328
9	0	0	0	0	495	329
10	0	0	0	0	483	330
11	0	0	0	0	470	332
12	0	0	0	0	457	334
13	0	0	0	0	443	335
14	0	0	0	0	429	337
15	0	0	0	0	418	338
0	0	0	0	0	408	339
1	0	0	0	0	398	339
2	0	0	0	0	388	339
3	0	0	0	0	381	340
4	0	0	0	0	376	341
5	0	0	0	0	371	343
6	0	0	0	0	368	345
7	0	0	0	0	366	347
8	0	0	0	0	364	350
9	0	0	0	0	370	352
10	0	0	0	0	383	354
11	0	0	0	0	406	357
12	0	0	0	0	438	359
13	0	0	0	0	479	361
14	0	0	0	0	531	363
15	0	0	0	0	588	364
0	0	0	0	0	648	366
1	0	0	0	0	709	367
2	0	0	0	0	768	368
3	0	0	0	0	817	368
4	0	0	0	0	855	369
5	0	0	0	0	880	371
6	0	0	0	0	893	371
7	0	0	0	0	895	374
8	0	0	0	0	885	375
9	0	0	0	0	864	376
10	0	0	0	0	832	378
11	0	0	0	0	797	379
12	0	0	0	0	755	380
13	0	0	0	0	710	382
14	0	0	0	0	665	383
15	0	0	0	0	621	384
0	0	0	0	0	577	385
1	0	0	0	0	536	384
2	0	0	0	0	499	384
3	0	0	0	0	467	384
4	0	0	0	0	440	384
5	0	0	0	0	419	384
6	0	0	0	0	406	384
7	0	0	0	0	397	384
8	0	0	0	0	394	384
9	0	0	0	0	396	384
10	0	0	0	0	401	383
11	0	0	0	0	408	382
12	0	0	0	0	419	380
13	0	0	0	0	431	378
14	0	0	0	0	443	376
15	0	0	0	0	454	373
0	0	0	0	0	463	371
1	0	0	0	0	469	368
2	0	0	0	0	474	366
3	0	0	0	0	475	365
4	0	0	0	0	473	366
5	0	0	0	0	470	367
6	0	0	0	0	464	370
7	0	0	0	0	457	372
8	0	0	0	0	450	376
9	0	0	0	0	442	381
10	0	0	0	0	432	386
11	0	0	0	0	422	391
12	0	0	0	0	412	396
13	0	0	0	0	401	400
14	0	0	0	0	392	403
15	0	0	0	0	383	406
0	0	0	0	0	374	410
1	0	0	0	0	366	415
2	0	0	0	0	359	420
3	0	0	0	0	353	426
4	0	0	0	0	349	432
5	0	0	0	0	346	438
6	0	0	0	0	344	444
7	0	0	0	0	347	449
8	0	0	0	0	355	455
9	0	0	0	0	372	460
10	0	0	0	0	400	464
11	0	0	0	0	437	468
12	0	0	0	0	485	472
13	0	0	0	0	540	474
14	0	0	0	0	603	476
15	0	0	0	0	667	476
0	0	0	0	0	728	475
1	0	0	0	0	786	472
2	0	0	0	0	834	470
3	0	0	0	0	870	467
4	0	0	0	0	894	465
5	0	0	0	0	903	462
6	0	0	0	0	899	457
7	0	0	0	0	887	455
8	0	0	0	0	865	451
9	0	0	0	0	835	447
10	0	0	0	0	799	441
11	0	0	0	0	761	438
12	0	0	0	0	719	433
13	0	0	0	0	678	429
14	0	0	0	0	636	425
15	0	0	0	0	593	421
0	0	0	0	0	554	417
1	0	0	0	0	521	412
2	0	0	0	0	492	407
3	0	0	0	0	467	402
4	0	0	0	0	447	397
5	0	0	0	0	433	393
6	0	0	0	0	424	388
7	0	0	0	0	419	383
8	0	0	0	0	418	378
9	0	0	0	0	422	374
10	0	0	0	0	425	368
11	0	0	0	0	434	364
12	0	0	0	0	443	359
13	0	0	0	0	452	355
14	0	0	0	0	462	351
15	0	0	0	0	468	348
0	0	0	0	0	471	345
1	0	0	0	0	475	343
2	0	0	0	0	475	340
3	0	0	0	0	473	338
4	0	0	0	0	468	337
5	0	0	0	0	461	336
6	0	0	0	0	454	336
7	0	0	0	0	445	337
8	0	0	0	0	435	340
9	0	0	0	0	424	343
10	0	0	0	0	413	346
11	0	0	0	0	401	347
12	0	0	0	0	389	347
13	0	0	0	0	377	347
14	0	0	0	0	367	348
15	0	0	0	0	359	351
0	0	0	0	0	353	354
1	0	0	0	0	349	359
2	0	0	0	0	346	366
3	0	0	0	0	345	374
4	0	0	0	0	346	382
5	0	0	0	0	351	390
6	0	0	0	0	363	398
7	0	0	0	0	380	406
8	0	0	0	0	407	413
9	0	0	0	0	441	420
10	0	0	0	0	484	427
11	0	0	0	0	537	434
12	0	0	0	0	594	441
13	0	0	0	0	652	448
14	0	0	0	0	708	454
15	0	0	0	0	760	462
0	0	0	0	0	803	467
1	0	0	0	0	836	474
2	0	0	0	0	858	479
3	0	0	0	0	868	485
4	0	0	0	0	866	490
5	0	0	0	0	852	493
6	0	0	0	0	829	496
7	0	0	0	0	799	499
8	0	0	0	0	764	502
9	0	0	0	0	725	505
10	0	0	0	0	683	506
11	0	0	0	0	641	508
12	0	0	0	0	598	509
13	0	0	0	0	557	510
14	0	0	0	0	518	510
15	0	0	0	0	483	511
0	0	0	0	0	451	511
1	0	0	0	0	424	511
2	0	0	0	0	404	510
3	0	0	0	0	390	509
4	0	0	0	0	383	508
5	0	0	0	0	380	506
6	0	0	0	0	384	504
7	0	0	0	0	391	502
8	0	0	0	0	403	498
9	0	0	0	0	415	496
10	0	0	0	0	426	493
11	0	0	0	0	438	490
12	0	0	0	0	446	488
13	0	0	0	0	452	486
14	0	0	0	0	456	485
15	0	0	0	0	459	484
0	0	0	0	0	457	483
1	0	0	0	0	451	482
2	0	0	0	0	442	479
3	0	0	0	0	434	477
4	0	0	0	0	424	475
5	0	0	0	0	413	473
6	0	0	0	0	402	471
7	0	0	0	0	392	470
8	0	0	0	0	383	467
9	0	0	0	0	376	464
10	0	0	0	0	370	460
11	0	0	0	0	363	456
12	0	0	0	0	358	453
13	0	0	0	0	354	449
14	0	0	0	0	351	447
15	0	0	0	0	349	446
0	0	0	0	0	347	445
1	0	0	0	0	346	445
2	0	0	0	0	349	446
3	0	0	0	0	356	447
4	0	0	0	0	370	448
5	0	0	0	0	393	450
6	0	0	0	0	424	452
7	0	0	0	0	467	456
8	0	0	0	0	517	460
9	0	0	0	0	573	466
10	0	0	0	0	633	473
11	0	0	0	0	694	481
12	0	0	0	0	750	490
13	0	0	0	0	796	499
14	0	0	0	0	834	509
15	0	0	0	0	859	519
0	0	0	0	0	869	527
1	0	0	0	0	866	536
2	0	0	0	0	853	544
3	0	0	0	0	828	551
4	0	0	0	0	796	557
5	0	0	0	0	755	564
6	0	0	0	0	714	570
7	0	0	0	0	670	575
8	0	0	0	0	625	580
9	0	0	0	0	580	585
10	0	0	0	0	538	589
11	0	0	0	0	499	593
12	0	0	0	0	462	596
13	0	0	0	0	428	599
14	0	0	0	0	401	602
15	0	0	0	0	380	604
0	0	0	0	0	366	605
1	0	0	0	0	358	605
2	0	0	0	0	355	605
3	0	0	0	0	359	604
4	0	0	0	0	363	603
5	0	0	0	0	373	603
6	0	0	0	0	385	604
7	0	0	0	0	399	607
8	0	0	0	0	412	612
9	0	0	0	0	423	619
10	0	0	0	0	433	627
11	0	0	0	0	441	635
12	0	0	0	0	446	643
13	0	0	0	0	446	651
14	0	0	0	0	445	659
15	0	0	0	0	442	666
0	0	0	0	0	436	672
1	0	0	0	0	428	677
2	0	0	0	0	420	682
3	0	0	0	0	410	685
4	0	0	0	0	399	688
5	0	0	0	0	386	691
6	0	0	0	0	375	691
7	0	0	0	0	363	691
8	0	0	0	0	353	688
9	0	0	0	0	345	685
10	0	0	0	0	338	680
11	0	0	0	0	333	675
12	0	0	0	0	329	670
13	0	0	0	0	326	663
14	0	0	0	0	324	657
15	0	0	0	0	326	652
0	0	0	0	0	328	646
1	0	0	0	0	332	641
2	0	0	0	0	340	637
3	0	0	0	0	354	634
4	0	0	0	0	376	630
5	0	0	0	0	405	626
6	0	0	0	0	445	623
7	0	0	0	0	491	620
8	0	0	0	0	543	617
9	0	0	0	0	597	614
10	0	0	0	0	653	612
11	0	0	0	0	706	609
12	0	0	0	0	752	607
13	0	0	0	0	788	604
14	0	0	0	0	814	601
15	0	0	0	0	831	598
0	0	0	0	0	833	595
1	0	0	0	0	825	592
2	0	0	0	0	807	589
3	0	0	0	0	783	585
4	0	0	0	0	752	583
5	0	0	0	0	718	581
6	0	0	0	0	682	579
7	0	0	0	0	644	576
8	0	0	0	0	606	574
9	0	0	0	0	567	571
10	0	0	0	0	531	568
11	0	0	0	0	497	564
12	0	0	0	0	466	562
13	0	0	0	0	442	559
14	0	0	0	0	421	557
15	0	0	0	0	407	555
0	0	0	0	0	396	553
1	0	0	0	0	392	552
2	0	0	0	0	392	550
3	0	0	0	0	396	548
4	0	0	0	0	404	547
5	0	0	0	0	416	545
6	0	0	0	0	427	543
7	0	0	0	0	436	541
8	0	0	0	0	445	539
9	0	0	0	0	451	536
10	0	0	0	0	455	532
11	0	0	0	0	455	529
12	0	0	0	0	454	526
13	0	0	0	0	451	523
14	0	0	0	0	446	519
15	0	0	0	0	440	515
0	0	0	0	0	432	512
1	0	0	0	0	423	510
2	0	0	0	0	413	509
3	0	0	0	0	402	507
4	0	0	0	0	391	505
5	0	0	0	0	380	501
6	0	0	0	0	371	496
7	0	0	0	0	364	490
8	0	0	0	0	356	484
9	0	0	0	0	352	478
10	0	0	0	0	347	473
11	0	0	0	0	344	468
12	0	0	0	0	342	462
13	0	0	0	0	341	457
14	0	0	0	0	344	451
15	0	0	0	0	352	446
0	0	0	0	0	366	441
1	0	0	0	0	387	436
2	0	0	0	0	420	432
3	0	0	0	0	461	427
4	0	0	0	0	508	423
5	0	0	0	0	561	419
6	0	0	0	0	617	415
7	0	0	0	0	670	412
8	0	0	0	0	716	409
9	0	0	0	0	755	407
10	0	0	0	0	786	405
11	0	0	0	0	806	403
12	0	0	0	0	815	402
13	0	0	0	0	812	401
14	0	0	0	0	799	400
15	0	0	0	0	780	399
0	0	0	0	0	753	399
1	0	0	0	0	721	398
2	0	0	0	0	686	399
3	0	0	0	0	651	399
4	0	0	0	0	613	400
5	0	0	0	0	576	400
6	0	0	0	0	541	403
7	0	0	0	0	509	404
8	0	0	0	0	479	407
9	0	0	0	0	453	410
10	0	0	0	0	431	413
11	0	0	0	0	415	417
12	0	0	0	0	402	420
13	0	0	0	0	395	425
14	0	0	0	0	391	429
15	0	0	0	0	391	434
0	0	0	0	0	394	440
1	0	0	0	0	400	446
2	0	0	0	0	407	452
3	0	0	0	0	415	459
4	0	0	0	0	421	465
5	0	0	0	0	428	471
6	0	0	0	0	432	478
7	0	0	0	0	435	484
8	0	0	0	0	436	491
9	0	0	0	0	436	498
10	0	0	0	0	434	506
11	0	0	0	0	429	515
12	0	0	0	0	422	523
13	0	0	0	0	415	532
14	0	0	0	0	407	542
15	0	0	0	0	398	553
0	0	0	0	0	388	563
1	0	0	0	0	376	575
2	0	0	0	0	366	587
3	0	0	0	0	355	599
4	0	0	0	0	347	610
5	0	0	0	0	340	622
6	0	0	0	0	334	634
7	0	0	0	0	328	646
8	0	0	0	0	323	657
9	0	0	0	0	319	669
10	0	0	0	0	318	679
11	0	0	0	0	318	690
12	0	0	0	0	321	699
13	0	0	0	0	328	709
14	0	0	0	0	339	718
15	0	0	0	0	356	728
0	0	0	0	0	381	737
1	0	0	0	0	413	747
2	0	0	0	0	454	756
3	0	0	0	0	501	766
4	0	0	0	0	551	776
5	0	0	0	0	601	786
6	0	0	0	0	651	797
7	0	0	0	0	694	807
8	0	0	0	0	728	816
9	0	0	0	0	755	826
10	0	0	0	0	770	835
11	0	0	0	0	775	844
12	0	0	0	0	769	852
13	0	0	0	0	755	860
14	0	0	0	0	734	867
15	0	0	0	0	705	876
0	0	0	0	0	672	884
1	0	0	0	0	638	892
2	0	0	0	0	601	901
3	0	0	0	0	566	908
4	0	0	0	0	531	915
5	0	0	0	0	499	922
6	0	0	0	0	469	928
7	0	0	0	0	442	933
8	0	0	0	0	421	938
9	0	0	0	0	404	941
10	0	0	0	0	392	946
11	0	0	0	0	383	950
12	0	0	0	0	380	955
13	0	0	0	0	380	959
14	0	0	0	0	383	963
15	0	0	0	0	387	966
0	0	0	0	0	396	968
1	0	0	0	0	405	970
2	0	0	0	0	413	972
3	0	0	0	0	421	974
4	0	0	0	0	428	976
5	0	0	0	0	434	978
6	0	0	0	0	436	979
7	0	0	0	0	436	979
8	0	0	0	0	434	979
9	0	0	0	0	429	978
10	0	0	0	0	423	976
11	0	0	0	0	417	975
12	0	0	0	0	409	976
13	0	0	0	0	398	976
14	0	0	0	0	389	977
15	0	0	0	0	381	977
0	0	0	0	0	374	976
1	0	0	0	0	368	974
2	0	0	0	0	363	971
3	0	0	0	0	357	969
4	0	0	0	0	353	969
5	0	0	0	0	349	969
6	0	0	0	0	346	968
7	0	0	0	0	345	966
8	0	0	0	0	345	963
9	0	0	0	0	345	960
10	0	0	0	0	348	956
11	0	0	0	0	355	952
12	0	0	0	0	364	948
13	0	0	0	0	379	944
14	0	0	0	0	400	940
15	0	0	0	0	431	937
0	0	0	0	0	468	935
1	0	0	0	0	511	933
2	0	0	0	0	557	930
3	0	0	0	0	605	926
4	0	0	0	0	649	920
5	0	0	0	0	689	913
6	0	0	0	0	723	904
7	0	0	0	0	747	896
8	0	0	0	0	762	886
9	0	0	0	0	767	878
10	0	0	0	0	763	870
11	0	0	0	0	750	862
12	0	0	0	0	729	854
13	0	0	0	0	703	846
14	0	0	0	0	671	837
15	0	0	0	0	638	827
0	0	0	0	0	602	816
1	0	0	0	0	565	804
2	0	0	0	0	529	792
3	0	0	0	0	495	781
4	0	0	0	0	464	769
5	0	0	0	0	438	758
6	0	0	0	0	417	745
7	0	0	0	0	402	733
8	0	0	0	0	391	720
9	0	0	0	0	386	709
10	0	0	0	0	386	697
11	0	0	0	0	390	685
12	0	0	0	0	395	674
13	0	0	0	0	404	663
14	0	0	0	0	415	651
15	0	0	0	0	426	640
0	0	0	0	0	437	628
1	0	0	0	0	448	617
2	0	0	0	0	457	606
3	0	0	0	0	463	595
4	0	0	0	0	468	583
5	0	0	0	0	469	572
6	0	0	0	0	468	560
7	0	0	0	0	463	547
8	0	0	0	0	455	535
9	0	0	0	0	447	522
10	0	0	0	0	436	510
11	0	0	0	0	427	498
12	0	0	0	0	419	486
13	0	0	0	0	409	475
14	0	0	0	0	400	464
15	0	0	0	0	392	454
0	0	0	0	0	386	445
1	0	0	0	0	381	436
2	0	0	0	0	376	427
3	0	0	0	0	374	419
4	0	0	0	0	371	412
5	0	0	0	0	371	406
6	0	0	0	0	375	401
7	0	0	0	0	384	396
8	0	0	0	0	400	391
9	0	0	0	0	425	386
10	0	0	0	0	458	381
11	0	0	0	0	497	376
12	0	0	0	0	541	370
13	0	0	0	0	590	364
14	0	0	0	0	639	358
15	0	0	0	0	684	349
0	0	0	0	0	725	344
1	0	0	0	0	760	339
2	0	0	0	0	783	334
3	0	0	0	0	796	329
4	0	0	0	0	798	325
5	0	0	0	0	789	321
6	0	0	0	0	772	319
7	0	0	0	0	746	317
8	0	0	0	0	716	315
9	0	0	0	0	679	311
10	0	0	0	0	641	309
11	0	0	0	0	601	306
12	0	0	0	0	561	303
13	0	0	0	0	523	300
14	0	0	0	0	487	297
15	0	0	0	0	456	294
0	0	0	0	0	427	291
1	0	0	0	0	405	287
2	0	0	0	0	388	285
3	0	0	0	0	376	282
4	0	0	0	0	370	280
5	0	0	0	0	371	278
6	0	0	0	0	375	276
7	0	0	0	0	381	274
8	0	0	0	0	391	272
9	0	0	0	0	402	271
10	0	0	0	0	415	270
11	0	0	0	0	427	269
12	0	0	0	0	438	269
13	0	0	0	0	446	270
14	0	0	0	0	452	272
15	0	0	0	0	455	274
0	0	0	0	0	456	276
1	0	0	0	0	455	278
2	0	0	0	0	452	281
3	0	0	0	0	448	287
4	0	0	0	0	442	293
5	0	0	0	0	435	300
6	0	0	0	0	427	307
7	0	0	0	0	417	314
8	0	0	0	0	408	321
9	0	0	0	0	399	328
10	0	0	0	0	393	335
11	0	0	0	0	387	343
12	0	0	0	0	384	352
13	0	0	0	0	381	360
14	0	0	0	0	378	369
15	0	0	0	0	375	379
0	0	0	0	0	375	388
1	0	0	0	0	378	399
2	0	0	0	0	386	409
3	0	0	0	0	402	420
4	0	0	0	0	422	431
5	0	0	0	0	451	443
6	0	0	0	0	488	456
7	0	0	0	0	530	469
8	0	0	0	0	576	483
9	0	0	0	0	623	496
10	0	0	0	0	666	509
11	0	0	0	0	704	521
12	0	0	0	0	735	532
13	0	0	0	0	758	541
14	0	0	0	0	770	547
15	0	0	0	0	774	554
0	0	0	0	0	768	559
1	0	0	0	0	752	564
2	0	0	0	0	731	568
3	0	0	0	0	703	572
4	0	0	0	0	670	576
5	0	0	0	0	633	581
6	0	0	0	0	597	585
7	0	0	0	0	560	591
8	0	0	0	0	524	597
9	0	0	0	0	491	604
10	0	0	0	0	462	610
11	0	0	0	0	436	616
12	0	0	0	0	415	622
13	0	0	0	0	398	626
14	0	0	0	0	386	630
15	0	0	0	0	379	632
0	0	0	0	0	375	633
1	0	0	0	0	376	634
2	0	0	0	0	379	634
3	0	0	0	0	386	633
4	0	0	0	0	393	632
5	0	0	0	0	403	630
6	0	0	0	0	414	627
7	0	0	0	0	423	625
8	0	0	0	0	427	621
9	0	0	0	0	432	617
10	0	0	0	0	435	612
11	0	0	0	0	436	606
12	0	0	0	0	435	599
13	0	0	0	0	433	592
14	0	0	0	0	431	585
15	0	0	0	0	425	577
0	0	0	0	0	420	570
1	0	0	0	0	415	562
2	0	0	0	0	409	554
3	0	0	0	0	404	546
4	0	0	0	0	398	539
5	0	0	0	0	392	532
6	0	0	0	0	388	527
7	0	0	0	0	384	522
8	0	0	0	0	381	519
9	0	0	0	0	378	515
10	0	0	0	0	376	513
11	0	0	0	0	375	510
12	0	0	0	0	379	507
13	0	0	0	0	387	505
14	0	0	0	0	400	501
15	0	0	0	0	420	498
0	0	0	0	0	448	495
1	0	0	0	0	487	492
2	0	0	0	0	531	489
3	0	0	0	0	578	486
4	0	0	0	0	628	482
5	0	0	0	0	676	477
6	0	0	0	0	718	473
7	0	0	0	0	753	469
8	0	0	0	0	782	463
9	0	0	0	0	799	459
10	0	0	0	0	806	454
11	0	0	0	0	802	448
12	0	0	0	0	792	443
13	0	0	0	0	772	438
14	0	0	0	0	745	431
15	0	0	0	0	715	424
0	0	0	0	0	681	415
1	0	0	0	0	644	406
2	0	0	0	0	606	396
3	0	0	0	0	568	386
4	0	0	0	0	531	376
5	0	0	0	0	498	367
6	0	0	0	0	468	358
7	0	0	0	0	443	348
8	0	0	0	0	423	340
9	0	0	0	0	408	332
10	0	0	0	0	398	324
11	0	0	0	0	392	317
12	0	0	0	0	392	310
13	0	0	0	0	396	303
14	0	0	0	0	403	296
15	0	0	0	0	414	290
0	0	0	0	0	426	284
1	0	0	0	0	438	278
2	0	0	0	0	448	272
3	0	0	0	0	457	266
4	0	0	0	0	464	260
5	0	0	0	0	468	254
6	0	0	0	0	470	248
7	0	0	0	0	470	243
8	0	0	0	0	467	238
9	0	0	0	0	462	234
10	0	0	0	0	455	229
11	0	0	0	0	448	225
12	0	0	0	0	440	219
13	0	0	0	0	431	216
14	0	0	0	0	421	210
15	0	0	0	0	414	206
0	0	0	0	0	406	203
1	0	0	0	0	398	200
2	0	0	0	0	392	198
3	0	0	0	0	387	196
4	0	0	0	0	384	196
5	0	0	0	0	382	194
6	0	0	0	0	385	194
7	0	0	0	0	393	193
8	0	0	0	0	409	193
9	0	0	0	0	432	194
10	0	0	0	0	463	195
11	0	0	0	0	506	197
12	0	0	0	0	551	199
13	0	0	0	0	600	204
14	0	0	0	0	649	204
15	0	0	0	0	697	209
0	0	0	0	0	736	214
1	0	0	0	0	768	218
2	0	0	0	0	790	220
3	0	0	0	0	802	224
4	0	0	0	0	803	225
5	0	0	0	0	793	231
6	0	0	0	0	775	233
7	0	0	0	0	749	237
8	0	0	0	0	718	241
9	0	0	0	0	681	244
10	0	0	0	0	641	247
11	0	0	0	0	600	249
12	0	0	0	0	559	254
13	0	0	0	0	521	256
14	0	0	0	0	486	259
15	0	0	0	0	455	262
0	0	0	0	0	427	265
1	0	0	0	0	403	268
2	0	0	0	0	387	272
3	0	0	0	0	376	275
4	0	0	0	0	369	278
5	0	0	0	0	367	281
6	0	0	0	0	371	285
7	0	0	0	0	377	287
8	0	0	0	0	386	290
9	0	0	0	0	394	293
10	0	0	0	0	406	295
11	0	0	0	0	417	299
12	0	0	0	0	427	302
13	0	0	0	0	435	305
14	0	0	0	0	442	310
15	0	0	0	0	446	314
0	0	0	0	0	446	318
1	0	0	0	0	447	322
2	0	0	0	0	445	326
3	0	0	0	0	442	330
4	0	0	0	0	436	332
5	0	0	0	0	430	335
6	0	0	0	0	424	337
7	0	0	0	0	417	338
8	0	0	0	0	410	340
9	0	0	0	0	403	342
10	0	0	0	0	399	345
11	0	0	0	0	395	348
12	0	0	0	0	389	352
13	0	0	0	0	386	356
14	0	0	0	0	383	360
15	0	0	0	0	380	364
0	0	0	0	0	381	369
1	0	0	0	0	385	374
2	0	0	0	0	395	379
3	0	0	0	0	411	384
4	0	0	0	0	434	388
5	0	0	0	0	466	392
6	0	0	0	0	507	396
7	0	0	0	0	554	400
8	0	0	0	0	606	403
9	0	0	0	0	660	406
10	0	0	0	0	711	408
11	0	0	0	0	757	411
12	0	0	0	0	795	413
13	0	0	0	0	822	415
14	0	0	0	0	838	415
15	0	0	0	0	843	415
0	0	0	0	0	836	413
1	0	0	0	0	817	414
2	0	0	0	0	792	411
3	0	0	0	0	761	411
4	0	0	0	0	724	410
5	0	0	0	0	684	409
6	0	0	0	0	640	409
7	0	0	0	0	597	408
8	0	0	0	0	557	408
9	0	0	0	0	520	407
10	0	0	0	0	487	406
11	0	0	0	0	459	404
12	0	0	0	0	435	403
13	0	0	0	0	417	400
14	0	0	0	0	403	397
15	0	0	0	0	397	393
0	0	0	0	0	394	389
1	0	0	0	0	396	384
2	0	0	0	0	402	379
3	0	0	0	0	411	374
4	0	0	0	0	422	368
5	0	0	0	0	434	362
6	0	0	0	0	447	357
7	0	0	0	0	458	352
8	0	0	0	0	468	347
9	0	0	0	0	474	343
10	0	0	0	0	479	338
11	0	0	0	0	481	334
12	0	0	0	0	480	331
13	0	0	0	0	478	328
14	0	0	0	0	472	326
15	0	0	0	0	467	325
0	0	0	0	0	458	323
1	0	0	0	0	450	321
2	0	0	0	0	441	319
3	0	0	0	0	431	317
4	0	0	0	0	422	316
5	0	0	0	0	412	315
6	0	0	0	0	404	315
7	0	0	0	0	397	315
8	0	0	0	0	393	316
9	0	0	0	0	389	318
10	0	0	0	0	387	321
11	0	0	0	0	390	324
12	0	0	0	0	398	327
13	0	0	0	0	413	331
14	0	0	0	0	437	333
15	0	0	0	0	470	336
0	0	0	0	0	512	339
1	0	0	0	0	561	343
2	0	0	0	0	615	345
3	0	0	0	0	673	349
4	0	0	0	0	727	351
5	0	0	0	0	776	352
6	0	0	0	0	817	354
7	0	0	0	0	848	357
8	0	0	0	0	866	358
9	0	0	0	0	871	359
10	0	0	0	0	864	361
11	0	0	0	0	847	363
12	0	0	0	0	819	365
13	0	0	0	0	783	367
14	0	0	0	0	743	371
15	0	0	0	0	700	375
0	0	0	0	0	655	378
1	0	0	0	0	611	381
2	0	0	0	0	566	383
3	0	0	0	0	527	384
4	0	0	0	0	490	385
5	0	0	0	0	459	386
6	0	0	0	0	432	386
7	0	0	0	0	414	387
8	0	0	0	0	399	388
9	0	0	0	0	391	389
10	0	0	0	0	387	391
11	0	0	0	0	388	392
12	0	0	0	0	393	394
13	0	0	0	0	401	395
14	0	0	0	0	411	396
15	0	0	0	0	423	397
0	0	0	0	0	435	397
1	0	0	0	0	445	397
2	0	0	0	0	453	398
3	0	0	0	0	459	398
4	0	0	0	0	462	398
5	0	0	0	0	463	397
6	0	0	0	0	462	396
7	0	0	0	0	461	396
8	0	0	0	0	456	397
9	0	0	0	0	449	398
10	0	0	0	0	443	399
11	0	0	0	0	436	401
12	0	0	0	0	429	401
13	0	0	0	0	419	400
14	0	0	0	0	410	400
15	0	0	0	0	401	399
0	0	0	0	0	394	399
1	0	0	0	0	386	400
2	0	0	0	0	381	401
3	0	0	0	0	375	402
4	0	0	0	0	371	403
5	0	0	0	0	370	405
6	0	0	0	0	374	407
7	0	0	0	0	383	409
8	0	0	0	0	398	410
9	0	0	0	0	423	412
10	0	0	0	0	460	413
11	0	0	0	0	505	415
12	0	0	0	0	556	417
13	0	0	0	0	612	419
14	0	0	0	0	668	421
15	0	0	0	0	723	423
0	0	0	0	0	771	425
1	0	0	0	0	811	427
2	0	0	0	0	839	428
3	0	0	0	0	856	428
4	0	0	0	0	860	429
5	0	0	0	0	852	430
6	0	0	0	0	833	429
7	0	0	0	0	805	430
8	0	0	0	0	770	431
9	0	0	0	0	730	430
10	0	0	0	0	686	432
11	0	0	0	0	642	432
12	0	0	0	0	595	432
13	0	0	0	0	549	431
14	0	0	0	0	506	431
15	0	0	0	0	468	431
0	0	0	0	0	436	431
1	0	0	0	0	410	431
2	0	0	0	0	391	431
3	0	0	0	0	378	430
4	0	0	0	0	371	430
5	0	0	0	0	369	429
6	0	0	0	0	373	428
7	0	0	0	0	381	428
8	0	0	0	0	390	426
9	0	0	0	0	400	425
10	0	0	0	0	412	424
11	0	0	0	0	423	424
12	0	0	0	0	434	423
13	0	0	0	0	444	424
14	0	0	0	0	453	424
15	0	0	0	0	457	425
0	0	0	0	0	460	426
1	0	0	0	0	459	427
2	0	0	0	0	456	426
3	0	0	0	0	451	426
4	0	0	0	0	445	427
5	0	0	0	0	437	429
6	0	0	0	0	428	431
7	0	0	0	0	419	433
8	0	0	0	0	408	434
9	0	0	0	0	400	434
10	0	0	0	0	391	435
11	0	0	0	0	384	434
12	0	0	0	0	376	435
13	0	0	0	0	371	436
14	0	0	0	0	367	438
15	0	0	0	0	363	439
0	0	0	0	0	361	440
1	0	0	0	0	362	441
2	0	0	0	0	366	443
3	0	0	0	0	376	444
4	0	0	0	0	393	445
5	0	0	0	0	421	445
6	0	0	0	0	457	446
7	0	0	0	0	502	447
8	0	0	0	0	555	447
9	0	0	0	0	611	448
10	0	0	0	0	669	449
11	0	0	0	0	724	451
12	0	0	0	0	775	452
13	0	0	0	0	817	453
14	0	0	0	0	848	454
15	0	0	0	0	867	456
0	0	0	0	0	872	457
