# OpenSignals Text File Format
# {"98:D3:51:FD:8E:66":{"sensor":["RAW","RESPBIT"],"device name":"98:D3:51:FD:8E:66","column":["nSeq","I1","I2","O1","O2","A1","A3"],"sync interval":2,"time":"00:43:41","comments":"","device connection":"BTH98:D3:51:FD:8E:66","channels":[1,3],"date":"2021-09-19","mode":0,"digital IO":[0,0,1,1],"firmware version":0,"device":"bitalino_rev","position":0,"sampling rate":100,"label":["A1","A3"],"resolution":[10,10],"special":[{},{}]}}
# EndOfHeader
0	0	0	0	0	527	600
1	0	0	0	0	507	602
2	0	0	0	0	487	604
3	0	0	0	0	469	607
4	0	0	0	0	452	608
5	0	0	0	0	438	610
6	0	0	0	0	427	611
7	0	0	0	0	419	612
8	0	0	0	0	413	613
9	0	0	0	0	410	612
10	0	0	0	0	412	614
11	0	0	0	0	415	614
12	0	0	0	0	420	614
13	0	0	0	0	427	615
14	0	0	0	0	435	615
15	0	0	0	0	444	616
0	0	0	0	0	450	617
1	0	0	0	0	456	617
2	0	0	0	0	462	618
3	0	0	0	0	465	618
4	0	0	0	0	467	618
5	0	0	0	0	468	617
6	0	0	0	0	466	616
7	0	0	0	0	461	616
8	0	0	0	0	458	616
9	0	0	0	0	454	615
10	0	0	0	0	449	615
11	0	0	0	0	444	615
12	0	0	0	0	440	615
13	0	0	0	0	438	615
14	0	0	0	0	438	614
15	0	0	0	0	438	613
0	0	0	0	0	441	613
1	0	0	0	0	444	613
2	0	0	0	0	445	613
3	0	0	0	0	443	614
4	0	0	0	0	440	615
5	0	0	0	0	437	615
6	0	0	0	0	435	614
7	0	0	0	0	433	615
8	0	0	0	0	431	615
9	0	0	0	0	431	616
10	0	0	0	0	431	617
11	0	0	0	0	431	619
12	0	0	0	0	434	621
13	0	0	0	0	439	623
14	0	0	0	0	445	624
15	0	0	0	0	454	625
0	0	0	0	0	466	627
1	0	0	0	0	482	627
2	0	0	0	0	501	629
3	0	0	0	0	524	630
4	0	0	0	0	551	632
5	0	0	0	0	576	634
6	0	0	0	0	603	635
7	0	0	0	0	625	637
8	0	0	0	0	646	639
9	0	0	0	0	662	640
10	0	0	0	0	671	641
11	0	0	0	0	675	642
12	0	0	0	0	672	642
13	0	0	0	0	664	641
14	0	0	0	0	650	640
15	0	0	0	0	632	639
0	0	0	0	0	613	639
1	0	0	0	0	592	639
2	0	0	0	0	570	638
3	0	0	0	0	548	638
4	0	0	0	0	528	639
5	0	0	0	0	510	639
6	0	0	0	0	494	638
7	0	0	0	0	478	638
8	0	0	0	0	466	636
9	0	0	0	0	455	635
10	0	0	0	0	444	634
11	0	0	0	0	436	633
12	0	0	0	0	431	631
13	0	0	0	0	428	629
14	0	0	0	0	428	627
15	0	0	0	0	429	625
0	0	0	0	0	434	623
1	0	0	0	0	442	620
2	0	0	0	0	451	617
3	0	0	0	0	461	615
4	0	0	0	0	473	611
5	0	0	0	0	485	608
6	0	0	0	0	497	605
7	0	0	0	0	508	601
8	0	0	0	0	516	598
9	0	0	0	0	521	593
10	0	0	0	0	524	591
11	0	0	0	0	524	588
12	0	0	0	0	519	585
13	0	0	0	0	514	582
14	0	0	0	0	507	578
15	0	0	0	0	498	573
0	0	0	0	0	488	570
1	0	0	0	0	479	566
2	0	0	0	0	471	564
3	0	0	0	0	464	562
4	0	0	0	0	458	559
5	0	0	0	0	455	556
6	0	0	0	0	452	553
7	0	0	0	0	450	550
8	0	0	0	0	449	547
9	0	0	0	0	448	545
10	0	0	0	0	449	543
11	0	0	0	0	450	542
12	0	0	0	0	450	540
13	0	0	0	0	452	539
14	0	0	0	0	455	537
15	0	0	0	0	459	536
0	0	0	0	0	467	534
1	0	0	0	0	477	532
2	0	0	0	0	489	531
3	0	0	0	0	507	529
4	0	0	0	0	528	528
5	0	0	0	0	553	527
6	0	0	0	0	580	527
7	0	0	0	0	608	527
8	0	0	0	0	636	526
9	0	0	0	0	660	525
10	0	0	0	0	680	524
11	0	0	0	0	695	523
12	0	0	0	0	703	522
13	0	0	0	0	704	520
14	0	0	0	0	698	519
15	0	0	0	0	686	517
0	0	0	0	0	670	516
1	0	0	0	0	649	515
2	0	0	0	0	628	514
3	0	0	0	0	607	513
4	0	0	0	0	585	513
5	0	0	0	0	566	513
6	0	0	0	0	545	512
7	0	0	0	0	525	511
8	0	0	0	0	507	510
9	0	0	0	0	491	509
10	0	0	0	0	478	508
11	0	0	0	0	467	506
12	0	0	0	0	460	505
13	0	0	0	0	457	504
14	0	0	0	0	460	502
15	0	0	0	0	467	501
0	0	0	0	0	476	500
1	0	0	0	0	486	499
2	0	0	0	0	496	498
3	0	0	0	0	506	497
4	0	0	0	0	516	496
5	0	0	0	0	525	495
6	0	0	0	0	532	494
7	0	0	0	0	537	493
8	0	0	0	0	540	492
9	0	0	0	0	539	491
10	0	0	0	0	537	490
11	0	0	0	0	532	489
12	0	0	0	0	526	489
13	0	0	0	0	519	489
14	0	0	0	0	512	487
15	0	0	0	0	503	487
0	0	0	0	0	497	487
1	0	0	0	0	489	487
2	0	0	0	0	483	487
3	0	0	0	0	479	487
4	0	0	0	0	475	487
5	0	0	0	0	472	487
6	0	0	0	0	470	486
7	0	0	0	0	466	484
8	0	0	0	0	465	484
9	0	0	0	0	462	484
10	0	0	0	0	459	484
11	0	0	0	0	455	486
12	0	0	0	0	455	486
13	0	0	0	0	454	487
14	0	0	0	0	455	487
15	0	0	0	0	459	488
0	0	0	0	0	468	488
1	0	0	0	0	481	489
2	0	0	0	0	500	489
3	0	0	0	0	525	490
4	0	0	0	0	555	491
5	0	0	0	0	589	492
6	0	0	0	0	624	493
7	0	0	0	0	658	495
8	0	0	0	0	689	495
9	0	0	0	0	714	497
10	0	0	0	0	732	497
11	0	0	0	0	741	497
12	0	0	0	0	744	497
13	0	0	0	0	741	497
14	0	0	0	0	731	496
15	0	0	0	0	716	496
0	0	0	0	0	696	496
1	0	0	0	0	674	496
2	0	0	0	0	652	496
3	0	0	0	0	628	497
4	0	0	0	0	607	498
5	0	0	0	0	586	498
6	0	0	0	0	567	498
7	0	0	0	0	547	498
8	0	0	0	0	527	497
9	0	0	0	0	511	497
10	0	0	0	0	498	496
11	0	0	0	0	487	496
12	0	0	0	0	479	495
13	0	0	0	0	474	495
14	0	0	0	0	474	495
15	0	0	0	0	475	495
0	0	0	0	0	478	494
1	0	0	0	0	484	493
2	0	0	0	0	491	492
3	0	0	0	0	497	490
4	0	0	0	0	504	489
5	0	0	0	0	510	487
6	0	0	0	0	514	486
7	0	0	0	0	516	485
8	0	0	0	0	518	484
9	0	0	0	0	518	483
10	0	0	0	0	518	483
11	0	0	0	0	515	482
12	0	0	0	0	511	481
13	0	0	0	0	507	481
14	0	0	0	0	504	481
15	0	0	0	0	500	480
0	0	0	0	0	496	479
1	0	0	0	0	494	477
2	0	0	0	0	491	476
3	0	0	0	0	487	476
4	0	0	0	0	485	476
5	0	0	0	0	482	477
6	0	0	0	0	479	478
7	0	0	0	0	475	478
8	0	0	0	0	473	477
9	0	0	0	0	472	476
10	0	0	0	0	471	474
11	0	0	0	0	468	474
12	0	0	0	0	467	474
13	0	0	0	0	466	474
14	0	0	0	0	466	475
15	0	0	0	0	466	476
0	0	0	0	0	467	476
1	0	0	0	0	473	477
2	0	0	0	0	486	477
3	0	0	0	0	500	477
4	0	0	0	0	523	477
5	0	0	0	0	550	476
6	0	0	0	0	583	476
7	0	0	0	0	616	476
8	0	0	0	0	651	476
9	0	0	0	0	682	477
10	0	0	0	0	709	477
11	0	0	0	0	730	478
12	0	0	0	0	744	478
13	0	0	0	0	751	479
14	0	0	0	0	749	479
15	0	0	0	0	738	479
0	0	0	0	0	723	479
1	0	0	0	0	702	479
2	0	0	0	0	679	480
3	0	0	0	0	653	480
4	0	0	0	0	628	480
5	0	0	0	0	603	481
6	0	0	0	0	581	482
7	0	0	0	0	559	483
8	0	0	0	0	540	483
9	0	0	0	0	524	483
10	0	0	0	0	510	483
11	0	0	0	0	497	483
12	0	0	0	0	487	484
13	0	0	0	0	479	484
14	0	0	0	0	472	485
15	0	0	0	0	466	485
0	0	0	0	0	464	486
1	0	0	0	0	464	486
2	0	0	0	0	466	486
3	0	0	0	0	470	486
4	0	0	0	0	476	487
5	0	0	0	0	482	487
6	0	0	0	0	487	487
7	0	0	0	0	492	487
8	0	0	0	0	494	487
9	0	0	0	0	494	488
10	0	0	0	0	494	488
11	0	0	0	0	493	488
12	0	0	0	0	490	489
13	0	0	0	0	484	489
14	0	0	0	0	480	489
15	0	0	0	0	474	489
0	0	0	0	0	466	490
1	0	0	0	0	460	492
2	0	0	0	0	454	493
3	0	0	0	0	448	495
4	0	0	0	0	445	496
5	0	0	0	0	443	495
6	0	0	0	0	441	495
7	0	0	0	0	440	496
8	0	0	0	0	440	497
9	0	0	0	0	440	498
10	0	0	0	0	441	500
11	0	0	0	0	443	502
12	0	0	0	0	443	504
13	0	0	0	0	445	505
14	0	0	0	0	447	505
15	0	0	0	0	448	506
0	0	0	0	0	449	508
1	0	0	0	0	451	508
2	0	0	0	0	451	510
3	0	0	0	0	451	511
4	0	0	0	0	451	512
5	0	0	0	0	454	513
6	0	0	0	0	458	513
7	0	0	0	0	466	514
8	0	0	0	0	481	515
9	0	0	0	0	501	515
10	0	0	0	0	529	515
11	0	0	0	0	561	515
12	0	0	0	0	598	516
13	0	0	0	0	635	517
14	0	0	0	0	669	518
15	0	0	0	0	697	518
0	0	0	0	0	719	519
1	0	0	0	0	731	519
2	0	0	0	0	734	519
3	0	0	0	0	727	519
4	0	0	0	0	715	520
5	0	0	0	0	699	521
6	0	0	0	0	679	521
7	0	0	0	0	655	522
8	0	0	0	0	631	523
9	0	0	0	0	606	523
10	0	0	0	0	582	523
11	0	0	0	0	560	524
12	0	0	0	0	538	524
13	0	0	0	0	518	525
14	0	0	0	0	499	526
15	0	0	0	0	481	527
0	0	0	0	0	467	528
1	0	0	0	0	457	528
2	0	0	0	0	448	529
3	0	0	0	0	442	529
4	0	0	0	0	438	529
5	0	0	0	0	438	529
6	0	0	0	0	440	530
7	0	0	0	0	444	530
8	0	0	0	0	448	531
9	0	0	0	0	455	531
10	0	0	0	0	463	532
11	0	0	0	0	471	533
12	0	0	0	0	477	534
13	0	0	0	0	482	533
14	0	0	0	0	485	534
15	0	0	0	0	487	534
0	0	0	0	0	486	535
1	0	0	0	0	481	536
2	0	0	0	0	478	536
3	0	0	0	0	473	537
4	0	0	0	0	467	537
5	0	0	0	0	460	538
6	0	0	0	0	454	539
7	0	0	0	0	450	540
8	0	0	0	0	447	541
9	0	0	0	0	443	542
10	0	0	0	0	441	543
11	0	0	0	0	440	544
12	0	0	0	0	440	544
13	0	0	0	0	439	544
14	0	0	0	0	439	544
15	0	0	0	0	440	544
0	0	0	0	0	441	545
1	0	0	0	0	443	547
2	0	0	0	0	446	549
3	0	0	0	0	448	551
4	0	0	0	0	451	553
5	0	0	0	0	454	554
6	0	0	0	0	457	554
7	0	0	0	0	458	555
8	0	0	0	0	460	556
9	0	0	0	0	462	557
10	0	0	0	0	463	558
11	0	0	0	0	463	560
12	0	0	0	0	463	561
13	0	0	0	0	464	561
14	0	0	0	0	466	562
15	0	0	0	0	470	562
0	0	0	0	0	479	562
1	0	0	0	0	494	562
2	0	0	0	0	513	563
3	0	0	0	0	537	563
4	0	0	0	0	569	564
5	0	0	0	0	601	566
6	0	0	0	0	634	568
7	0	0	0	0	662	569
8	0	0	0	0	686	571
9	0	0	0	0	703	572
10	0	0	0	0	710	573
11	0	0	0	0	709	574
12	0	0	0	0	702	574
13	0	0	0	0	689	574
14	0	0	0	0	671	575
15	0	0	0	0	648	574
0	0	0	0	0	624	574
1	0	0	0	0	599	574
2	0	0	0	0	574	575
3	0	0	0	0	548	576
4	0	0	0	0	526	578
5	0	0	0	0	504	580
6	0	0	0	0	484	582
7	0	0	0	0	467	584
8	0	0	0	0	455	585
9	0	0	0	0	444	587
10	0	0	0	0	438	588
11	0	0	0	0	433	590
12	0	0	0	0	432	591
13	0	0	0	0	435	592
14	0	0	0	0	438	593
15	0	0	0	0	444	596
0	0	0	0	0	451	599
1	0	0	0	0	459	602
2	0	0	0	0	467	605
3	0	0	0	0	475	608
4	0	0	0	0	483	611
5	0	0	0	0	490	614
6	0	0	0	0	495	617
7	0	0	0	0	498	621
8	0	0	0	0	500	625
9	0	0	0	0	500	629
10	0	0	0	0	499	633
11	0	0	0	0	497	638
12	0	0	0	0	495	644
13	0	0	0	0	492	649
14	0	0	0	0	487	655
15	0	0	0	0	485	660
0	0	0	0	0	481	666
1	0	0	0	0	479	672
2	0	0	0	0	475	679
3	0	0	0	0	470	685
4	0	0	0	0	469	693
5	0	0	0	0	469	700
6	0	0	0	0	470	708
7	0	0	0	0	469	716
8	0	0	0	0	471	724
9	0	0	0	0	472	733
10	0	0	0	0	476	741
11	0	0	0	0	477	749
12	0	0	0	0	480	758
13	0	0	0	0	483	767
14	0	0	0	0	483	775
15	0	0	0	0	481	784
0	0	0	0	0	478	793
1	0	0	0	0	475	802
2	0	0	0	0	471	812
3	0	0	0	0	468	820
4	0	0	0	0	467	830
5	0	0	0	0	467	838
6	0	0	0	0	471	847
7	0	0	0	0	479	856
8	0	0	0	0	491	865
9	0	0	0	0	509	874
10	0	0	0	0	532	882
11	0	0	0	0	558	890
12	0	0	0	0	585	899
13	0	0	0	0	611	906
14	0	0	0	0	633	913
15	0	0	0	0	651	920
0	0	0	0	0	664	927
1	0	0	0	0	669	931
2	0	0	0	0	667	935
3	0	0	0	0	659	939
4	0	0	0	0	645	941
5	0	0	0	0	628	943
6	0	0	0	0	608	945
7	0	0	0	0	586	947
8	0	0	0	0	562	948
9	0	0	0	0	540	949
10	0	0	0	0	519	949
11	0	0	0	0	499	947
12	0	0	0	0	481	945
13	0	0	0	0	466	942
14	0	0	0	0	454	939
15	0	0	0	0	445	934
0	0	0	0	0	438	928
1	0	0	0	0	434	923
2	0	0	0	0	435	916
3	0	0	0	0	437	909
4	0	0	0	0	441	902
5	0	0	0	0	448	894
6	0	0	0	0	459	886
7	0	0	0	0	467	876
8	0	0	0	0	475	866
9	0	0	0	0	482	856
10	0	0	0	0	488	844
11	0	0	0	0	494	833
12	0	0	0	0	497	820
13	0	0	0	0	501	807
14	0	0	0	0	504	793
15	0	0	0	0	504	780
0	0	0	0	0	501	766
1	0	0	0	0	496	752
2	0	0	0	0	492	738
3	0	0	0	0	486	723
4	0	0	0	0	480	709
5	0	0	0	0	474	695
6	0	0	0	0	470	683
7	0	0	0	0	464	670
8	0	0	0	0	460	658
9	0	0	0	0	456	647
10	0	0	0	0	452	636
11	0	0	0	0	450	627
12	0	0	0	0	448	617
13	0	0	0	0	447	609
14	0	0	0	0	448	601
15	0	0	0	0	450	595
0	0	0	0	0	451	591
1	0	0	0	0	454	587
2	0	0	0	0	456	584
3	0	0	0	0	459	583
4	0	0	0	0	461	581
5	0	0	0	0	466	579
6	0	0	0	0	472	577
7	0	0	0	0	480	575
8	0	0	0	0	493	572
9	0	0	0	0	510	568
10	0	0	0	0	532	564
11	0	0	0	0	557	560
12	0	0	0	0	583	557
13	0	0	0	0	608	554
14	0	0	0	0	633	551
15	0	0	0	0	653	550
0	0	0	0	0	667	550
1	0	0	0	0	672	550
2	0	0	0	0	672	551
3	0	0	0	0	667	552
4	0	0	0	0	658	553
5	0	0	0	0	642	555
6	0	0	0	0	625	557
7	0	0	0	0	605	561
8	0	0	0	0	583	567
9	0	0	0	0	559	573
10	0	0	0	0	535	581
11	0	0	0	0	512	591
12	0	0	0	0	491	601
13	0	0	0	0	472	612
14	0	0	0	0	457	625
15	0	0	0	0	446	639
0	0	0	0	0	438	654
1	0	0	0	0	431	669
2	0	0	0	0	429	684
3	0	0	0	0	428	700
4	0	0	0	0	431	714
5	0	0	0	0	434	730
6	0	0	0	0	439	746
7	0	0	0	0	447	760
8	0	0	0	0	456	775
9	0	0	0	0	465	790
10	0	0	0	0	472	805
11	0	0	0	0	477	819
12	0	0	0	0	482	833
13	0	0	0	0	485	845
14	0	0	0	0	487	856
15	0	0	0	0	489	867
0	0	0	0	0	492	877
1	0	0	0	0	493	887
2	0	0	0	0	495	896
3	0	0	0	0	497	904
4	0	0	0	0	497	911
5	0	0	0	0	496	919
6	0	0	0	0	495	926
7	0	0	0	0	493	932
8	0	0	0	0	493	938
9	0	0	0	0	492	943
10	0	0	0	0	491	948
11	0	0	0	0	490	953
12	0	0	0	0	489	957
13	0	0	0	0	488	962
14	0	0	0	0	489	965
15	0	0	0	0	490	969
0	0	0	0	0	489	972
1	0	0	0	0	489	976
2	0	0	0	0	487	978
3	0	0	0	0	485	981
4	0	0	0	0	484	983
5	0	0	0	0	485	984
6	0	0	0	0	491	985
7	0	0	0	0	498	986
8	0	0	0	0	511	987
9	0	0	0	0	529	987
10	0	0	0	0	550	985
11	0	0	0	0	575	984
12	0	0	0	0	601	981
13	0	0	0	0	627	977
14	0	0	0	0	649	972
15	0	0	0	0	667	967
0	0	0	0	0	682	962
1	0	0	0	0	691	956
2	0	0	0	0	695	949
3	0	0	0	0	692	942
4	0	0	0	0	685	935
5	0	0	0	0	673	926
6	0	0	0	0	659	918
7	0	0	0	0	642	909
8	0	0	0	0	625	902
9	0	0	0	0	607	893
10	0	0	0	0	589	884
11	0	0	0	0	570	876
12	0	0	0	0	554	868
13	0	0	0	0	539	861
14	0	0	0	0	525	853
15	0	0	0	0	514	845
0	0	0	0	0	504	836
1	0	0	0	0	497	825
2	0	0	0	0	491	811
3	0	0	0	0	488	794
4	0	0	0	0	486	774
5	0	0	0	0	486	752
6	0	0	0	0	487	727
7	0	0	0	0	489	703
8	0	0	0	0	493	679
9	0	0	0	0	497	655
10	0	0	0	0	501	634
11	0	0	0	0	507	614
12	0	0	0	0	511	595
13	0	0	0	0	514	578
14	0	0	0	0	515	561
15	0	0	0	0	516	545
0	0	0	0	0	517	530
1	0	0	0	0	517	515
2	0	0	0	0	519	501
3	0	0	0	0	519	487
4	0	0	0	0	520	472
5	0	0	0	0	520	458
6	0	0	0	0	519	444
7	0	0	0	0	516	430
8	0	0	0	0	513	417
9	0	0	0	0	508	404
10	0	0	0	0	502	391
11	0	0	0	0	497	378
12	0	0	0	0	491	365
13	0	0	0	0	487	353
14	0	0	0	0	484	342
15	0	0	0	0	483	331
0	0	0	0	0	482	321
1	0	0	0	0	485	312
2	0	0	0	0	493	303
3	0	0	0	0	504	295
4	0	0	0	0	520	287
5	0	0	0	0	540	280
6	0	0	0	0	563	272
7	0	0	0	0	587	265
8	0	0	0	0	608	258
9	0	0	0	0	627	253
10	0	0	0	0	641	248
11	0	0	0	0	649	242
12	0	0	0	0	651	236
13	0	0	0	0	647	228
14	0	0	0	0	639	219
15	0	0	0	0	627	213
0	0	0	0	0	614	203
1	0	0	0	0	597	197
2	0	0	0	0	578	191
3	0	0	0	0	559	186
4	0	0	0	0	539	181
5	0	0	0	0	519	176
6	0	0	0	0	501	170
7	0	0	0	0	483	165
8	0	0	0	0	466	161
9	0	0	0	0	452	158
10	0	0	0	0	441	153
11	0	0	0	0	432	148
12	0	0	0	0	425	145
13	0	0	0	0	425	145
14	0	0	0	0	427	142
15	0	0	0	0	431	142
0	0	0	0	0	437	142
1	0	0	0	0	442	144
2	0	0	0	0	449	147
3	0	0	0	0	456	149
4	0	0	0	0	464	150
5	0	0	0	0	472	154
6	0	0	0	0	478	159
7	0	0	0	0	482	163
8	0	0	0	0	485	167
9	0	0	0	0	486	174
10	0	0	0	0	487	182
11	0	0	0	0	486	193
12	0	0	0	0	482	204
13	0	0	0	0	479	215
14	0	0	0	0	475	226
15	0	0	0	0	471	239
0	0	0	0	0	466	249
1	0	0	0	0	462	259
2	0	0	0	0	459	269
3	0	0	0	0	457	279
4	0	0	0	0	456	289
5	0	0	0	0	456	298
6	0	0	0	0	457	308
7	0	0	0	0	458	319
8	0	0	0	0	460	329
9	0	0	0	0	462	341
10	0	0	0	0	466	352
11	0	0	0	0	471	363
12	0	0	0	0	479	373
13	0	0	0	0	493	384
14	0	0	0	0	513	394
15	0	0	0	0	537	404
0	0	0	0	0	566	414
1	0	0	0	0	595	424
2	0	0	0	0	626	435
3	0	0	0	0	655	446
4	0	0	0	0	680	457
5	0	0	0	0	701	466
6	0	0	0	0	713	476
7	0	0	0	0	719	483
8	0	0	0	0	719	491
9	0	0	0	0	713	498
10	0	0	0	0	702	505
11	0	0	0	0	687	513
12	0	0	0	0	670	521
13	0	0	0	0	651	528
14	0	0	0	0	630	535
15	0	0	0	0	609	541
0	0	0	0	0	588	546
1	0	0	0	0	564	551
2	0	0	0	0	543	556
3	0	0	0	0	523	560
4	0	0	0	0	505	563
5	0	0	0	0	491	567
6	0	0	0	0	482	570
7	0	0	0	0	476	572
8	0	0	0	0	472	574
9	0	0	0	0	472	575
10	0	0	0	0	476	576
11	0	0	0	0	480	576
12	0	0	0	0	483	575
13	0	0	0	0	488	573
14	0	0	0	0	494	570
15	0	0	0	0	499	566
0	0	0	0	0	504	561
1	0	0	0	0	509	556
2	0	0	0	0	513	551
3	0	0	0	0	515	544
4	0	0	0	0	519	537
5	0	0	0	0	520	530
6	0	0	0	0	521	523
7	0	0	0	0	519	516
8	0	0	0	0	517	509
9	0	0	0	0	515	502
10	0	0	0	0	511	496
11	0	0	0	0	508	488
12	0	0	0	0	503	481
13	0	0	0	0	501	473
14	0	0	0	0	498	465
15	0	0	0	0	495	455
0	0	0	0	0	493	446
1	0	0	0	0	493	436
2	0	0	0	0	492	426
3	0	0	0	0	490	415
4	0	0	0	0	489	404
5	0	0	0	0	490	394
6	0	0	0	0	495	384
7	0	0	0	0	504	375
8	0	0	0	0	519	367
9	0	0	0	0	541	358
10	0	0	0	0	568	350
11	0	0	0	0	598	342
12	0	0	0	0	631	333
13	0	0	0	0	662	324
14	0	0	0	0	691	316
15	0	0	0	0	713	306
0	0	0	0	0	728	297
1	0	0	0	0	737	289
2	0	0	0	0	735	281
3	0	0	0	0	725	273
4	0	0	0	0	709	265
5	0	0	0	0	689	259
6	0	0	0	0	666	254
7	0	0	0	0	639	248
8	0	0	0	0	612	240
9	0	0	0	0	585	234
10	0	0	0	0	559	229
11	0	0	0	0	535	223
12	0	0	0	0	513	216
13	0	0	0	0	493	210
14	0	0	0	0	477	203
15	0	0	0	0	463	197
0	0	0	0	0	453	191
1	0	0	0	0	446	185
2	0	0	0	0	443	179
3	0	0	0	0	444	173
4	0	0	0	0	448	166
5	0	0	0	0	453	160
6	0	0	0	0	460	155
7	0	0	0	0	466	149
8	0	0	0	0	473	145
9	0	0	0	0	481	141
10	0	0	0	0	484	138
11	0	0	0	0	486	136
12	0	0	0	0	487	133
13	0	0	0	0	485	129
14	0	0	0	0	481	130
15	0	0	0	0	476	128
0	0	0	0	0	471	129
1	0	0	0	0	465	132
2	0	0	0	0	458	136
3	0	0	0	0	451	141
4	0	0	0	0	445	146
5	0	0	0	0	440	153
6	0	0	0	0	434	160
7	0	0	0	0	428	169
8	0	0	0	0	425	178
9	0	0	0	0	423	188
10	0	0	0	0	422	199
11	0	0	0	0	421	212
12	0	0	0	0	421	225
13	0	0	0	0	421	239
14	0	0	0	0	424	252
15	0	0	0	0	429	267
0	0	0	0	0	438	282
1	0	0	0	0	451	296
2	0	0	0	0	470	312
3	0	0	0	0	492	327
4	0	0	0	0	519	340
5	0	0	0	0	549	354
6	0	0	0	0	579	366
7	0	0	0	0	607	378
8	0	0	0	0	630	388
9	0	0	0	0	648	399
10	0	0	0	0	659	409
11	0	0	0	0	665	419
12	0	0	0	0	665	429
13	0	0	0	0	655	438
14	0	0	0	0	641	448
15	0	0	0	0	622	456
0	0	0	0	0	601	465
1	0	0	0	0	578	473
2	0	0	0	0	556	481
3	0	0	0	0	536	489
4	0	0	0	0	517	497
5	0	0	0	0	498	503
6	0	0	0	0	483	509
7	0	0	0	0	472	514
8	0	0	0	0	464	519
9	0	0	0	0	459	524
10	0	0	0	0	455	528
11	0	0	0	0	455	532
12	0	0	0	0	455	535
13	0	0	0	0	457	538
14	0	0	0	0	461	540
15	0	0	0	0	467	543
0	0	0	0	0	472	545
1	0	0	0	0	479	547
2	0	0	0	0	484	549
3	0	0	0	0	491	551
4	0	0	0	0	497	553
5	0	0	0	0	501	555
6	0	0	0	0	505	557
7	0	0	0	0	508	559
8	0	0	0	0	508	559
9	0	0	0	0	509	559
10	0	0	0	0	509	559
11	0	0	0	0	507	559
12	0	0	0	0	505	559
13	0	0	0	0	501	557
14	0	0	0	0	499	556
15	0	0	0	0	496	555
0	0	0	0	0	493	552
1	0	0	0	0	490	550
2	0	0	0	0	489	548
3	0	0	0	0	486	545
4	0	0	0	0	483	543
5	0	0	0	0	481	541
6	0	0	0	0	480	540
7	0	0	0	0	479	537
8	0	0	0	0	477	536
9	0	0	0	0	476	534
10	0	0	0	0	477	532
11	0	0	0	0	483	528
12	0	0	0	0	494	524
13	0	0	0	0	510	519
14	0	0	0	0	530	513
15	0	0	0	0	555	505
0	0	0	0	0	584	497
1	0	0	0	0	614	488
2	0	0	0	0	643	479
3	0	0	0	0	668	470
4	0	0	0	0	687	460
5	0	0	0	0	700	451
6	0	0	0	0	705	442
7	0	0	0	0	703	433
8	0	0	0	0	694	424
9	0	0	0	0	680	415
10	0	0	0	0	661	408
11	0	0	0	0	639	399
12	0	0	0	0	614	391
13	0	0	0	0	588	383
14	0	0	0	0	564	376
15	0	0	0	0	541	368
0	0	0	0	0	521	360
1	0	0	0	0	504	353
2	0	0	0	0	487	347
3	0	0	0	0	473	340
4	0	0	0	0	461	334
5	0	0	0	0	451	328
6	0	0	0	0	443	323
7	0	0	0	0	438	318
8	0	0	0	0	437	313
9	0	0	0	0	439	308
10	0	0	0	0	440	302
11	0	0	0	0	443	296
12	0	0	0	0	446	290
13	0	0	0	0	449	284
14	0	0	0	0	452	278
15	0	0	0	0	455	273
0	0	0	0	0	458	267
1	0	0	0	0	462	262
2	0	0	0	0	463	257
3	0	0	0	0	465	251
4	0	0	0	0	468	247
5	0	0	0	0	469	243
6	0	0	0	0	469	241
7	0	0	0	0	467	240
8	0	0	0	0	466	239
9	0	0	0	0	463	237
10	0	0	0	0	461	237
11	0	0	0	0	457	236
12	0	0	0	0	452	236
13	0	0	0	0	446	239
14	0	0	0	0	441	244
15	0	0	0	0	436	250
0	0	0	0	0	432	258
1	0	0	0	0	428	267
2	0	0	0	0	427	278
3	0	0	0	0	427	290
4	0	0	0	0	430	304
5	0	0	0	0	438	317
6	0	0	0	0	451	331
7	0	0	0	0	470	345
8	0	0	0	0	493	360
9	0	0	0	0	519	375
10	0	0	0	0	548	390
11	0	0	0	0	576	406
12	0	0	0	0	603	423
13	0	0	0	0	625	441
14	0	0	0	0	643	460
15	0	0	0	0	652	479
0	0	0	0	0	655	499
1	0	0	0	0	650	518
2	0	0	0	0	639	536
3	0	0	0	0	622	553
4	0	0	0	0	604	569
5	0	0	0	0	583	585
6	0	0	0	0	565	600
7	0	0	0	0	547	616
8	0	0	0	0	532	631
9	0	0	0	0	520	646
10	0	0	0	0	509	661
11	0	0	0	0	498	675
12	0	0	0	0	488	689
13	0	0	0	0	481	703
14	0	0	0	0	475	718
15	0	0	0	0	469	733
0	0	0	0	0	466	748
1	0	0	0	0	464	762
2	0	0	0	0	465	776
3	0	0	0	0	467	790
4	0	0	0	0	472	803
5	0	0	0	0	478	815
6	0	0	0	0	486	826
7	0	0	0	0	493	837
8	0	0	0	0	501	848
9	0	0	0	0	508	859
10	0	0	0	0	516	869
11	0	0	0	0	520	878
12	0	0	0	0	524	887
13	0	0	0	0	526	896
14	0	0	0	0	525	903
15	0	0	0	0	521	908
0	0	0	0	0	517	915
1	0	0	0	0	511	921
2	0	0	0	0	505	928
3	0	0	0	0	500	934
4	0	0	0	0	498	939
5	0	0	0	0	496	944
6	0	0	0	0	495	949
7	0	0	0	0	495	952
8	0	0	0	0	498	955
9	0	0	0	0	499	959
10	0	0	0	0	499	963
11	0	0	0	0	500	968
12	0	0	0	0	500	971
13	0	0	0	0	499	974
14	0	0	0	0	498	977
15	0	0	0	0	498	980
0	0	0	0	0	500	983
1	0	0	0	0	504	984
2	0	0	0	0	509	984
3	0	0	0	0	515	982
4	0	0	0	0	527	978
5	0	0	0	0	543	974
6	0	0	0	0	563	970
7	0	0	0	0	585	965
8	0	0	0	0	610	960
9	0	0	0	0	636	954
10	0	0	0	0	660	947
11	0	0	0	0	678	938
12	0	0	0	0	692	927
13	0	0	0	0	699	915
14	0	0	0	0	698	901
15	0	0	0	0	691	888
0	0	0	0	0	680	874
1	0	0	0	0	667	861
2	0	0	0	0	650	849
3	0	0	0	0	631	835
4	0	0	0	0	611	821
5	0	0	0	0	593	807
6	0	0	0	0	575	793
7	0	0	0	0	556	780
8	0	0	0	0	538	766
9	0	0	0	0	522	753
10	0	0	0	0	509	740
11	0	0	0	0	496	727
12	0	0	0	0	487	714
13	0	0	0	0	480	700
14	0	0	0	0	475	685
15	0	0	0	0	471	671
0	0	0	0	0	471	659
1	0	0	0	0	472	647
2	0	0	0	0	475	637
3	0	0	0	0	479	628
4	0	0	0	0	484	620
5	0	0	0	0	492	614
6	0	0	0	0	500	606
7	0	0	0	0	505	598
8	0	0	0	0	509	588
9	0	0	0	0	512	578
10	0	0	0	0	512	569
11	0	0	0	0	511	562
12	0	0	0	0	509	556
13	0	0	0	0	507	551
14	0	0	0	0	504	547
15	0	0	0	0	498	542
0	0	0	0	0	495	534
1	0	0	0	0	491	524
2	0	0	0	0	489	513
3	0	0	0	0	487	503
4	0	0	0	0	488	495
5	0	0	0	0	490	490
6	0	0	0	0	493	487
7	0	0	0	0	495	484
8	0	0	0	0	498	481
9	0	0	0	0	502	477
10	0	0	0	0	506	471
11	0	0	0	0	510	465
12	0	0	0	0	517	460
13	0	0	0	0	524	455
14	0	0	0	0	534	451
15	0	0	0	0	546	448
0	0	0	0	0	560	446
1	0	0	0	0	576	443
2	0	0	0	0	591	439
3	0	0	0	0	605	434
4	0	0	0	0	615	432
5	0	0	0	0	619	428
6	0	0	0	0	620	425
7	0	0	0	0	618	423
8	0	0	0	0	612	420
9	0	0	0	0	604	418
10	0	0	0	0	593	416
11	0	0	0	0	579	413
12	0	0	0	0	564	412
13	0	0	0	0	548	409
14	0	0	0	0	533	407
15	0	0	0	0	519	404
0	0	0	0	0	507	402
1	0	0	0	0	494	399
2	0	0	0	0	483	396
3	0	0	0	0	475	392
4	0	0	0	0	467	388
5	0	0	0	0	462	384
6	0	0	0	0	460	381
7	0	0	0	0	459	377
8	0	0	0	0	460	373
9	0	0	0	0	464	369
10	0	0	0	0	469	364
11	0	0	0	0	475	359
12	0	0	0	0	483	356
13	0	0	0	0	491	354
14	0	0	0	0	500	353
15	0	0	0	0	507	353
0	0	0	0	0	514	354
1	0	0	0	0	519	355
2	0	0	0	0	523	356
3	0	0	0	0	524	357
4	0	0	0	0	521	357
5	0	0	0	0	517	356
6	0	0	0	0	513	357
7	0	0	0	0	510	359
8	0	0	0	0	506	361
9	0	0	0	0	502	363
10	0	0	0	0	500	365
11	0	0	0	0	498	365
12	0	0	0	0	497	363
13	0	0	0	0	495	362
14	0	0	0	0	493	361
15	0	0	0	0	492	360
0	0	0	0	0	492	359
1	0	0	0	0	494	359
2	0	0	0	0	499	360
3	0	0	0	0	503	360
4	0	0	0	0	507	361
5	0	0	0	0	514	362
6	0	0	0	0	522	363
7	0	0	0	0	531	364
8	0	0	0	0	543	365
9	0	0	0	0	556	366
10	0	0	0	0	572	367
11	0	0	0	0	588	369
12	0	0	0	0	603	371
13	0	0	0	0	619	373
14	0	0	0	0	633	377
15	0	0	0	0	643	379
0	0	0	0	0	648	381
1	0	0	0	0	649	381
2	0	0	0	0	646	383
3	0	0	0	0	638	386
4	0	0	0	0	627	387
5	0	0	0	0	615	388
6	0	0	0	0	602	388
7	0	0	0	0	588	384
8	0	0	0	0	575	376
9	0	0	0	0	561	365
10	0	0	0	0	547	349
11	0	0	0	0	532	331
12	0	0	0	0	517	312
13	0	0	0	0	504	293
14	0	0	0	0	493	275
15	0	0	0	0	483	258
0	0	0	0	0	477	241
1	0	0	0	0	475	228
2	0	0	0	0	475	214
3	0	0	0	0	479	202
4	0	0	0	0	487	188
5	0	0	0	0	495	176
6	0	0	0	0	503	164
7	0	0	0	0	512	156
8	0	0	0	0	521	148
9	0	0	0	0	530	142
10	0	0	0	0	538	139
11	0	0	0	0	543	137
12	0	0	0	0	547	140
13	0	0	0	0	549	149
14	0	0	0	0	548	166
15	0	0	0	0	546	183
0	0	0	0	0	544	205
1	0	0	0	0	542	230
2	0	0	0	0	537	256
3	0	0	0	0	530	281
4	0	0	0	0	521	306
5	0	0	0	0	512	332
6	0	0	0	0	502	359
7	0	0	0	0	491	388
8	0	0	0	0	481	418
9	0	0	0	0	473	448
10	0	0	0	0	467	479
11	0	0	0	0	463	509
12	0	0	0	0	460	537
13	0	0	0	0	460	562
14	0	0	0	0	460	583
15	0	0	0	0	460	599
0	0	0	0	0	459	610
1	0	0	0	0	459	613
2	0	0	0	0	459	606
3	0	0	0	0	463	590
4	0	0	0	0	472	568
5	0	0	0	0	486	544
6	0	0	0	0	507	520
7	0	0	0	0	531	495
8	0	0	0	0	560	472
9	0	0	0	0	591	451
10	0	0	0	0	621	431
11	0	0	0	0	649	413
12	0	0	0	0	671	397
13	0	0	0	0	690	384
14	0	0	0	0	703	372
15	0	0	0	0	708	363
0	0	0	0	0	708	355
1	0	0	0	0	701	348
2	0	0	0	0	688	344
3	0	0	0	0	670	339
4	0	0	0	0	648	337
5	0	0	0	0	627	335
6	0	0	0	0	605	332
7	0	0	0	0	581	330
8	0	0	0	0	556	329
9	0	0	0	0	533	329
10	0	0	0	0	511	331
11	0	0	0	0	489	335
12	0	0	0	0	471	342
13	0	0	0	0	457	350
14	0	0	0	0	446	358
15	0	0	0	0	436	366
0	0	0	0	0	427	373
1	0	0	0	0	420	377
2	0	0	0	0	415	380
3	0	0	0	0	410	380
4	0	0	0	0	406	379
5	0	0	0	0	402	377
6	0	0	0	0	402	376
7	0	0	0	0	402	375
8	0	0	0	0	406	375
9	0	0	0	0	410	375
10	0	0	0	0	413	376
11	0	0	0	0	415	376
12	0	0	0	0	419	375
13	0	0	0	0	425	372
14	0	0	0	0	430	368
15	0	0	0	0	434	363
0	0	0	0	0	439	357
1	0	0	0	0	444	351
2	0	0	0	0	448	345
3	0	0	0	0	454	339
4	0	0	0	0	458	333
5	0	0	0	0	462	328
6	0	0	0	0	463	324
7	0	0	0	0	461	320
8	0	0	0	0	460	318
9	0	0	0	0	457	316
10	0	0	0	0	454	312
11	0	0	0	0	452	310
12	0	0	0	0	453	307
13	0	0	0	0	454	306
14	0	0	0	0	456	304
15	0	0	0	0	461	304
0	0	0	0	0	468	303
1	0	0	0	0	481	303
2	0	0	0	0	498	303
3	0	0	0	0	517	304
4	0	0	0	0	540	304
5	0	0	0	0	563	306
6	0	0	0	0	586	308
7	0	0	0	0	605	311
8	0	0	0	0	619	313
9	0	0	0	0	628	318
10	0	0	0	0	631	320
11	0	0	0	0	628	326
12	0	0	0	0	623	330
13	0	0	0	0	615	335
14	0	0	0	0	604	339
15	0	0	0	0	591	343
0	0	0	0	0	579	345
1	0	0	0	0	567	346
2	0	0	0	0	556	345
3	0	0	0	0	544	344
4	0	0	0	0	535	342
5	0	0	0	0	525	341
6	0	0	0	0	516	339
7	0	0	0	0	508	337
8	0	0	0	0	502	336
9	0	0	0	0	497	335
10	0	0	0	0	493	334
11	0	0	0	0	491	334
12	0	0	0	0	492	332
13	0	0	0	0	494	331
14	0	0	0	0	499	330
15	0	0	0	0	507	327
0	0	0	0	0	517	326
1	0	0	0	0	528	324
2	0	0	0	0	540	323
3	0	0	0	0	551	322
4	0	0	0	0	560	320
5	0	0	0	0	567	318
6	0	0	0	0	571	314
7	0	0	0	0	571	310
8	0	0	0	0	569	305
9	0	0	0	0	566	297
10	0	0	0	0	562	291
11	0	0	0	0	557	287
12	0	0	0	0	553	282
13	0	0	0	0	548	279
14	0	0	0	0	543	277
15	0	0	0	0	537	274
0	0	0	0	0	532	270
1	0	0	0	0	527	266
2	0	0	0	0	524	261
3	0	0	0	0	522	257
4	0	0	0	0	521	253
5	0	0	0	0	520	251
6	0	0	0	0	521	249
7	0	0	0	0	520	248
8	0	0	0	0	523	247
9	0	0	0	0	525	244
10	0	0	0	0	528	243
11	0	0	0	0	534	243
12	0	0	0	0	542	241
13	0	0	0	0	553	241
14	0	0	0	0	567	240
15	0	0	0	0	582	241
0	0	0	0	0	600	240
1	0	0	0	0	618	237
2	0	0	0	0	636	237
3	0	0	0	0	650	235
4	0	0	0	0	659	232
5	0	0	0	0	664	228
6	0	0	0	0	662	223
7	0	0	0	0	656	218
8	0	0	0	0	646	212
9	0	0	0	0	631	209
10	0	0	0	0	613	206
11	0	0	0	0	594	201
12	0	0	0	0	575	200
13	0	0	0	0	557	198
14	0	0	0	0	540	196
15	0	0	0	0	523	195
0	0	0	0	0	507	194
1	0	0	0	0	493	195
2	0	0	0	0	479	192
3	0	0	0	0	467	192
4	0	0	0	0	460	189
5	0	0	0	0	453	185
6	0	0	0	0	452	183
7	0	0	0	0	452	180
8	0	0	0	0	456	176
9	0	0	0	0	461	172
10	0	0	0	0	468	166
11	0	0	0	0	474	161
12	0	0	0	0	480	158
13	0	0	0	0	485	152
14	0	0	0	0	488	148
15	0	0	0	0	490	147
0	0	0	0	0	489	145
1	0	0	0	0	488	143
2	0	0	0	0	488	141
3	0	0	0	0	484	141
4	0	0	0	0	478	140
5	0	0	0	0	472	137
6	0	0	0	0	467	134
7	0	0	0	0	461	134
8	0	0	0	0	456	132
9	0	0	0	0	453	129
10	0	0	0	0	450	131
11	0	0	0	0	447	129
12	0	0	0	0	444	132
13	0	0	0	0	442	136
14	0	0	0	0	440	138
15	0	0	0	0	438	145
0	0	0	0	0	436	154
1	0	0	0	0	434	163
2	0	0	0	0	433	173
3	0	0	0	0	431	183
4	0	0	0	0	430	194
5	0	0	0	0	430	206
6	0	0	0	0	432	216
7	0	0	0	0	438	225
8	0	0	0	0	448	234
9	0	0	0	0	462	241
10	0	0	0	0	481	247
11	0	0	0	0	502	255
12	0	0	0	0	524	263
13	0	0	0	0	544	272
14	0	0	0	0	559	282
15	0	0	0	0	569	297
0	0	0	0	0	574	315
1	0	0	0	0	574	332
2	0	0	0	0	571	350
3	0	0	0	0	564	367
4	0	0	0	0	557	382
5	0	0	0	0	551	393
6	0	0	0	0	549	399
7	0	0	0	0	549	400
8	0	0	0	0	554	397
9	0	0	0	0	561	393
10	0	0	0	0	568	391
11	0	0	0	0	573	388
12	0	0	0	0	574	384
13	0	0	0	0	570	382
14	0	0	0	0	561	379
15	0	0	0	0	548	375
0	0	0	0	0	533	369
1	0	0	0	0	518	364
2	0	0	0	0	499	357
3	0	0	0	0	477	351
4	0	0	0	0	457	345
5	0	0	0	0	440	341
6	0	0	0	0	424	339
7	0	0	0	0	409	341
8	0	0	0	0	397	346
9	0	0	0	0	387	355
10	0	0	0	0	381	367
11	0	0	0	0	378	381
12	0	0	0	0	381	394
13	0	0	0	0	390	406
14	0	0	0	0	403	415
15	0	0	0	0	417	420
0	0	0	0	0	434	424
1	0	0	0	0	454	426
2	0	0	0	0	473	429
3	0	0	0	0	491	432
4	0	0	0	0	508	437
5	0	0	0	0	520	441
6	0	0	0	0	529	445
7	0	0	0	0	531	447
8	0	0	0	0	528	446
9	0	0	0	0	521	445
10	0	0	0	0	511	443
11	0	0	0	0	497	443
12	0	0	0	0	482	445
13	0	0	0	0	466	448
14	0	0	0	0	450	454
15	0	0	0	0	437	459
0	0	0	0	0	428	465
1	0	0	0	0	420	470
2	0	0	0	0	416	473
3	0	0	0	0	417	476
4	0	0	0	0	422	480
5	0	0	0	0	432	482
6	0	0	0	0	447	483
7	0	0	0	0	469	482
8	0	0	0	0	495	480
9	0	0	0	0	523	478
10	0	0	0	0	551	475
11	0	0	0	0	577	471
12	0	0	0	0	598	466
13	0	0	0	0	615	462
14	0	0	0	0	624	459
15	0	0	0	0	627	457
0	0	0	0	0	622	456
1	0	0	0	0	611	456
2	0	0	0	0	597	458
3	0	0	0	0	579	461
4	0	0	0	0	559	464
5	0	0	0	0	540	467
6	0	0	0	0	521	470
7	0	0	0	0	506	472
8	0	0	0	0	494	473
9	0	0	0	0	484	474
10	0	0	0	0	477	474
11	0	0	0	0	471	475
12	0	0	0	0	466	477
13	0	0	0	0	462	480
14	0	0	0	0	458	485
15	0	0	0	0	457	490
0	0	0	0	0	460	494
1	0	0	0	0	466	498
2	0	0	0	0	474	499
3	0	0	0	0	485	500
4	0	0	0	0	496	501
5	0	0	0	0	507	501
6	0	0	0	0	515	503
7	0	0	0	0	518	505
8	0	0	0	0	520	508
9	0	0	0	0	520	511
10	0	0	0	0	519	515
11	0	0	0	0	517	520
12	0	0	0	0	514	526
13	0	0	0	0	508	531
14	0	0	0	0	500	536
15	0	0	0	0	487	540
0	0	0	0	0	471	543
1	0	0	0	0	452	544
2	0	0	0	0	437	545
3	0	0	0	0	422	544
4	0	0	0	0	409	545
5	0	0	0	0	401	547
6	0	0	0	0	396	548
7	0	0	0	0	392	550
8	0	0	0	0	390	550
9	0	0	0	0	384	547
10	0	0	0	0	379	543
11	0	0	0	0	370	538
12	0	0	0	0	360	531
13	0	0	0	0	349	525
14	0	0	0	0	337	519
15	0	0	0	0	327	515
0	0	0	0	0	321	511
1	0	0	0	0	322	510
2	0	0	0	0	327	508
3	0	0	0	0	326	508
4	0	0	0	0	319	509
5	0	0	0	0	300	512
6	0	0	0	0	265	515
7	0	0	0	0	219	520
8	0	0	0	0	172	526
9	0	0	0	0	128	532
10	0	0	0	0	90	540
11	0	0	0	0	61	548
12	0	0	0	0	46	555
13	0	0	0	0	46	560
14	0	0	0	0	60	563
15	0	0	0	0	85	566
0	0	0	0	0	121	566
1	0	0	0	0	163	564
2	0	0	0	0	209	563
3	0	0	0	0	256	560
4	0	0	0	0	303	558
5	0	0	0	0	348	556
6	0	0	0	0	387	551
7	0	0	0	0	420	547
8	0	0	0	0	448	541
9	0	0	0	0	468	535
10	0	0	0	0	483	528
11	0	0	0	0	491	522
12	0	0	0	0	497	517
13	0	0	0	0	498	514
14	0	0	0	0	498	511
15	0	0	0	0	496	509
0	0	0	0	0	494	508
1	0	0	0	0	493	507
2	0	0	0	0	492	507
3	0	0	0	0	488	506
4	0	0	0	0	486	505
5	0	0	0	0	484	503
6	0	0	0	0	480	501
7	0	0	0	0	476	499
8	0	0	0	0	470	496
9	0	0	0	0	463	494
10	0	0	0	0	457	491
11	0	0	0	0	452	487
12	0	0	0	0	447	485
13	0	0	0	0	444	483
14	0	0	0	0	442	481
15	0	0	0	0	440	480
0	0	0	0	0	438	479
1	0	0	0	0	437	478
2	0	0	0	0	438	477
3	0	0	0	0	440	476
4	0	0	0	0	444	476
5	0	0	0	0	450	476
6	0	0	0	0	460	477
7	0	0	0	0	472	479
8	0	0	0	0	487	481
9	0	0	0	0	507	484
10	0	0	0	0	526	486
11	0	0	0	0	546	488
12	0	0	0	0	564	491
13	0	0	0	0	580	495
14	0	0	0	0	591	499
15	0	0	0	0	595	504
0	0	0	0	0	595	511
1	0	0	0	0	589	518
2	0	0	0	0	580	525
3	0	0	0	0	565	533
4	0	0	0	0	550	540
5	0	0	0	0	534	548
6	0	0	0	0	518	554
7	0	0	0	0	503	560
8	0	0	0	0	489	566
9	0	0	0	0	477	572
10	0	0	0	0	466	577
11	0	0	0	0	457	582
12	0	0	0	0	451	588
13	0	0	0	0	449	595
14	0	0	0	0	446	601
15	0	0	0	0	444	607
0	0	0	0	0	444	613
1	0	0	0	0	443	618
2	0	0	0	0	444	623
3	0	0	0	0	444	628
4	0	0	0	0	445	632
5	0	0	0	0	448	637
6	0	0	0	0	448	642
7	0	0	0	0	450	649
8	0	0	0	0	451	655
9	0	0	0	0	450	661
10	0	0	0	0	449	668
11	0	0	0	0	448	673
12	0	0	0	0	447	680
13	0	0	0	0	447	687
14	0	0	0	0	449	694
15	0	0	0	0	454	701
0	0	0	0	0	462	708
1	0	0	0	0	469	715
2	0	0	0	0	476	721
3	0	0	0	0	482	729
4	0	0	0	0	487	737
5	0	0	0	0	489	745
6	0	0	0	0	489	753
7	0	0	0	0	487	762
8	0	0	0	0	483	770
9	0	0	0	0	478	778
10	0	0	0	0	473	785
11	0	0	0	0	468	793
12	0	0	0	0	465	800
13	0	0	0	0	464	807
14	0	0	0	0	468	812
15	0	0	0	0	477	818
0	0	0	0	0	489	824
1	0	0	0	0	508	829
2	0	0	0	0	528	834
3	0	0	0	0	549	839
4	0	0	0	0	570	844
5	0	0	0	0	588	848
6	0	0	0	0	602	851
7	0	0	0	0	607	852
8	0	0	0	0	609	853
9	0	0	0	0	606	852
10	0	0	0	0	598	851
11	0	0	0	0	586	850
12	0	0	0	0	574	847
13	0	0	0	0	562	843
14	0	0	0	0	548	839
15	0	0	0	0	535	835
0	0	0	0	0	521	831
1	0	0	0	0	509	826
2	0	0	0	0	498	821
3	0	0	0	0	487	816
4	0	0	0	0	479	811
5	0	0	0	0	470	805
6	0	0	0	0	459	800
7	0	0	0	0	451	793
8	0	0	0	0	445	786
9	0	0	0	0	442	778
10	0	0	0	0	441	769
11	0	0	0	0	443	760
12	0	0	0	0	450	751
13	0	0	0	0	460	742
14	0	0	0	0	471	733
15	0	0	0	0	483	725
0	0	0	0	0	497	717
1	0	0	0	0	509	709
2	0	0	0	0	520	701
3	0	0	0	0	531	694
4	0	0	0	0	538	686
5	0	0	0	0	545	678
6	0	0	0	0	549	669
7	0	0	0	0	552	660
8	0	0	0	0	553	649
9	0	0	0	0	550	638
10	0	0	0	0	545	626
11	0	0	0	0	538	614
12	0	0	0	0	530	601
13	0	0	0	0	520	588
14	0	0	0	0	511	575
15	0	0	0	0	503	562
0	0	0	0	0	496	550
1	0	0	0	0	493	538
2	0	0	0	0	492	527
3	0	0	0	0	492	516
4	0	0	0	0	495	505
5	0	0	0	0	503	495
6	0	0	0	0	514	486
7	0	0	0	0	529	476
8	0	0	0	0	547	468
9	0	0	0	0	564	460
10	0	0	0	0	580	451
11	0	0	0	0	593	443
12	0	0	0	0	601	436
13	0	0	0	0	605	429
14	0	0	0	0	604	424
15	0	0	0	0	599	418
0	0	0	0	0	591	413
1	0	0	0	0	584	409
2	0	0	0	0	575	405
3	0	0	0	0	564	401
4	0	0	0	0	554	398
5	0	0	0	0	544	395
6	0	0	0	0	534	393
7	0	0	0	0	524	391
8	0	0	0	0	513	388
9	0	0	0	0	504	385
10	0	0	0	0	493	383
11	0	0	0	0	482	379
12	0	0	0	0	475	375
13	0	0	0	0	468	371
14	0	0	0	0	461	366
15	0	0	0	0	454	363
0	0	0	0	0	448	359
1	0	0	0	0	443	355
2	0	0	0	0	442	352
3	0	0	0	0	441	349
4	0	0	0	0	441	347
5	0	0	0	0	441	344
6	0	0	0	0	442	342
7	0	0	0	0	443	338
8	0	0	0	0	445	335
9	0	0	0	0	446	332
10	0	0	0	0	449	330
11	0	0	0	0	450	327
12	0	0	0	0	449	326
13	0	0	0	0	449	324
14	0	0	0	0	449	321
15	0	0	0	0	449	319
0	0	0	0	0	451	317
1	0	0	0	0	452	315
2	0	0	0	0	454	313
3	0	0	0	0	455	312
4	0	0	0	0	453	311
5	0	0	0	0	451	309
6	0	0	0	0	449	307
7	0	0	0	0	447	304
8	0	0	0	0	449	302
9	0	0	0	0	455	299
10	0	0	0	0	464	296
11	0	0	0	0	478	293
12	0	0	0	0	497	291
13	0	0	0	0	522	289
14	0	0	0	0	549	287
15	0	0	0	0	575	285
0	0	0	0	0	599	285
1	0	0	0	0	618	286
2	0	0	0	0	632	287
3	0	0	0	0	639	288
4	0	0	0	0	640	291
5	0	0	0	0	638	294
6	0	0	0	0	629	296
7	0	0	0	0	618	300
8	0	0	0	0	604	303
9	0	0	0	0	590	305
10	0	0	0	0	574	308
11	0	0	0	0	559	310
12	0	0	0	0	544	314
13	0	0	0	0	529	318
14	0	0	0	0	516	322
15	0	0	0	0	504	327
0	0	0	0	0	496	331
1	0	0	0	0	491	335
2	0	0	0	0	489	339
3	0	0	0	0	489	343
4	0	0	0	0	491	347
5	0	0	0	0	493	351
6	0	0	0	0	496	355
7	0	0	0	0	499	360
8	0	0	0	0	501	365
9	0	0	0	0	502	370
10	0	0	0	0	504	375
11	0	0	0	0	504	379
12	0	0	0	0	502	383
13	0	0	0	0	502	385
14	0	0	0	0	501	387
15	0	0	0	0	500	390
0	0	0	0	0	499	394
1	0	0	0	0	495	399
2	0	0	0	0	491	404
3	0	0	0	0	485	410
4	0	0	0	0	480	416
5	0	0	0	0	473	422
6	0	0	0	0	467	428
7	0	0	0	0	461	434
8	0	0	0	0	457	439
9	0	0	0	0	454	445
10	0	0	0	0	452	451
11	0	0	0	0	451	456
12	0	0	0	0	452	462
13	0	0	0	0	455	467
14	0	0	0	0	462	473
15	0	0	0	0	471	480
0	0	0	0	0	484	486
1	0	0	0	0	501	494
2	0	0	0	0	522	502
3	0	0	0	0	544	508
4	0	0	0	0	570	515
5	0	0	0	0	595	521
6	0	0	0	0	617	526
7	0	0	0	0	635	531
8	0	0	0	0	649	536
9	0	0	0	0	662	540
10	0	0	0	0	667	543
11	0	0	0	0	667	547
12	0	0	0	0	660	549
13	0	0	0	0	651	550
14	0	0	0	0	639	550
15	0	0	0	0	625	549
0	0	0	0	0	611	548
1	0	0	0	0	598	548
2	0	0	0	0	583	548
3	0	0	0	0	570	548
4	0	0	0	0	557	549
5	0	0	0	0	547	550
6	0	0	0	0	537	550
7	0	0	0	0	529	549
8	0	0	0	0	521	548
9	0	0	0	0	516	547
10	0	0	0	0	511	547
11	0	0	0	0	507	546
12	0	0	0	0	505	544
13	0	0	0	0	503	542
14	0	0	0	0	501	540
15	0	0	0	0	500	537
0	0	0	0	0	499	535
1	0	0	0	0	500	533
2	0	0	0	0	500	531
3	0	0	0	0	499	530
4	0	0	0	0	498	528
5	0	0	0	0	496	527
6	0	0	0	0	492	526
7	0	0	0	0	488	525
8	0	0	0	0	487	525
9	0	0	0	0	487	524
10	0	0	0	0	488	524
11	0	0	0	0	488	522
12	0	0	0	0	491	519
13	0	0	0	0	494	517
14	0	0	0	0	496	516
15	0	0	0	0	499	515
0	0	0	0	0	501	515
1	0	0	0	0	503	515
2	0	0	0	0	504	516
3	0	0	0	0	502	517
4	0	0	0	0	501	518
5	0	0	0	0	501	519
6	0	0	0	0	501	519
7	0	0	0	0	501	519
8	0	0	0	0	504	519
9	0	0	0	0	512	519
10	0	0	0	0	524	519
11	0	0	0	0	540	519
12	0	0	0	0	561	521
13	0	0	0	0	582	523
14	0	0	0	0	603	525
15	0	0	0	0	620	526
0	0	0	0	0	636	526
1	0	0	0	0	647	525
2	0	0	0	0	653	523
3	0	0	0	0	654	521
4	0	0	0	0	650	520
5	0	0	0	0	641	519
6	0	0	0	0	630	517
7	0	0	0	0	615	517
8	0	0	0	0	601	518
9	0	0	0	0	585	518
10	0	0	0	0	569	517
11	0	0	0	0	550	516
12	0	0	0	0	532	515
13	0	0	0	0	514	511
14	0	0	0	0	497	508
15	0	0	0	0	482	505
0	0	0	0	0	469	501
1	0	0	0	0	460	498
2	0	0	0	0	454	496
3	0	0	0	0	451	493
4	0	0	0	0	451	490
5	0	0	0	0	455	487
6	0	0	0	0	461	484
7	0	0	0	0	468	481
8	0	0	0	0	476	477
9	0	0	0	0	483	472
10	0	0	0	0	490	468
11	0	0	0	0	496	464
12	0	0	0	0	501	459
13	0	0	0	0	504	454
14	0	0	0	0	505	450
15	0	0	0	0	505	447
0	0	0	0	0	505	444
1	0	0	0	0	504	441
2	0	0	0	0	501	439
3	0	0	0	0	497	436
4	0	0	0	0	492	433
5	0	0	0	0	488	429
6	0	0	0	0	482	425
7	0	0	0	0	476	422
8	0	0	0	0	471	419
9	0	0	0	0	466	415
10	0	0	0	0	463	413
11	0	0	0	0	459	411
12	0	0	0	0	456	409
13	0	0	0	0	458	407
14	0	0	0	0	462	406
15	0	0	0	0	470	404
0	0	0	0	0	482	402
1	0	0	0	0	496	400
2	0	0	0	0	516	398
3	0	0	0	0	536	396
4	0	0	0	0	556	393
5	0	0	0	0	575	390
6	0	0	0	0	590	386
7	0	0	0	0	600	384
8	0	0	0	0	606	381
9	0	0	0	0	607	378
10	0	0	0	0	605	375
11	0	0	0	0	599	372
12	0	0	0	0	592	369
13	0	0	0	0	583	365
14	0	0	0	0	570	362
15	0	0	0	0	556	359
0	0	0	0	0	542	357
1	0	0	0	0	528	355
2	0	0	0	0	513	353
3	0	0	0	0	497	351
4	0	0	0	0	483	351
5	0	0	0	0	470	350
6	0	0	0	0	459	351
7	0	0	0	0	449	352
8	0	0	0	0	441	353
9	0	0	0	0	436	355
10	0	0	0	0	435	358
11	0	0	0	0	438	362
12	0	0	0	0	444	367
13	0	0	0	0	453	373
14	0	0	0	0	464	379
15	0	0	0	0	476	386
0	0	0	0	0	489	393
1	0	0	0	0	499	401
2	0	0	0	0	508	409
3	0	0	0	0	512	417
4	0	0	0	0	513	425
5	0	0	0	0	510	432
6	0	0	0	0	504	439
7	0	0	0	0	497	445
8	0	0	0	0	489	451
9	0	0	0	0	483	459
10	0	0	0	0	479	467
11	0	0	0	0	475	475
12	0	0	0	0	472	484
13	0	0	0	0	474	491
14	0	0	0	0	478	497
15	0	0	0	0	483	503
0	0	0	0	0	487	508
1	0	0	0	0	492	513
2	0	0	0	0	494	519
3	0	0	0	0	494	524
4	0	0	0	0	495	529
5	0	0	0	0	497	534
6	0	0	0	0	499	539
7	0	0	0	0	500	545
8	0	0	0	0	504	550
9	0	0	0	0	510	555
10	0	0	0	0	519	559
11	0	0	0	0	532	563
12	0	0	0	0	549	567
13	0	0	0	0	570	570
14	0	0	0	0	592	573
15	0	0	0	0	612	576
0	0	0	0	0	631	580
1	0	0	0	0	645	583
2	0	0	0	0	653	585
3	0	0	0	0	653	586
4	0	0	0	0	648	586
5	0	0	0	0	638	585
6	0	0	0	0	623	584
7	0	0	0	0	605	583
8	0	0	0	0	585	582
9	0	0	0	0	564	579
10	0	0	0	0	544	577
11	0	0	0	0	526	574
12	0	0	0	0	511	570
13	0	0	0	0	495	566
14	0	0	0	0	485	562
15	0	0	0	0	476	558
0	0	0	0	0	471	554
1	0	0	0	0	468	550
2	0	0	0	0	469	546
3	0	0	0	0	468	542
4	0	0	0	0	468	537
5	0	0	0	0	470	533
6	0	0	0	0	473	528
7	0	0	0	0	478	524
8	0	0	0	0	484	519
9	0	0	0	0	492	515
10	0	0	0	0	499	510
11	0	0	0	0	504	506
12	0	0	0	0	508	503
13	0	0	0	0	510	500
14	0	0	0	0	509	499
15	0	0	0	0	507	498
0	0	0	0	0	504	497
1	0	0	0	0	501	496
2	0	0	0	0	497	496
3	0	0	0	0	492	496
4	0	0	0	0	489	497
5	0	0	0	0	487	498
6	0	0	0	0	485	499
7	0	0	0	0	483	498
8	0	0	0	0	481	498
9	0	0	0	0	479	497
10	0	0	0	0	478	496
11	0	0	0	0	476	496
12	0	0	0	0	475	495
13	0	0	0	0	471	495
14	0	0	0	0	469	495
15	0	0	0	0	467	495
0	0	0	0	0	467	496
1	0	0	0	0	468	496
2	0	0	0	0	475	496
3	0	0	0	0	486	497
4	0	0	0	0	503	497
5	0	0	0	0	523	496
6	0	0	0	0	546	496
7	0	0	0	0	570	494
8	0	0	0	0	593	492
9	0	0	0	0	615	491
10	0	0	0	0	632	487
11	0	0	0	0	643	485
12	0	0	0	0	649	481
13	0	0	0	0	649	476
14	0	0	0	0	643	472
15	0	0	0	0	633	466
0	0	0	0	0	620	461
1	0	0	0	0	604	455
2	0	0	0	0	587	449
3	0	0	0	0	568	444
4	0	0	0	0	549	438
5	0	0	0	0	530	432
6	0	0	0	0	512	426
7	0	0	0	0	495	421
8	0	0	0	0	478	415
9	0	0	0	0	464	410
10	0	0	0	0	451	405
11	0	0	0	0	440	401
12	0	0	0	0	433	396
13	0	0	0	0	428	391
14	0	0	0	0	426	387
15	0	0	0	0	425	382
0	0	0	0	0	426	377
1	0	0	0	0	428	372
2	0	0	0	0	432	368
3	0	0	0	0	435	364
4	0	0	0	0	437	361
5	0	0	0	0	441	358
6	0	0	0	0	444	356
7	0	0	0	0	448	355
8	0	0	0	0	452	355
9	0	0	0	0	455	357
10	0	0	0	0	459	359
11	0	0	0	0	463	363
12	0	0	0	0	465	368
13	0	0	0	0	468	375
14	0	0	0	0	470	383
15	0	0	0	0	472	394
0	0	0	0	0	473	405
1	0	0	0	0	474	417
2	0	0	0	0	474	430
3	0	0	0	0	473	445
4	0	0	0	0	474	460
5	0	0	0	0	475	477
6	0	0	0	0	477	495
7	0	0	0	0	479	512
8	0	0	0	0	481	528
9	0	0	0	0	480	543
10	0	0	0	0	479	556
11	0	0	0	0	479	570
12	0	0	0	0	481	584
13	0	0	0	0	487	600
14	0	0	0	0	499	617
15	0	0	0	0	516	636
0	0	0	0	0	537	653
1	0	0	0	0	561	670
2	0	0	0	0	583	686
3	0	0	0	0	602	700
4	0	0	0	0	616	715
5	0	0	0	0	624	730
6	0	0	0	0	627	745
7	0	0	0	0	624	761
8	0	0	0	0	618	776
9	0	0	0	0	609	791
10	0	0	0	0	596	804
11	0	0	0	0	582	817
12	0	0	0	0	569	830
13	0	0	0	0	556	841
14	0	0	0	0	545	851
15	0	0	0	0	534	861
0	0	0	0	0	524	870
1	0	0	0	0	513	877
2	0	0	0	0	504	883
3	0	0	0	0	495	888
4	0	0	0	0	485	892
5	0	0	0	0	476	896
6	0	0	0	0	470	898
7	0	0	0	0	465	900
8	0	0	0	0	462	900
9	0	0	0	0	462	900
10	0	0	0	0	462	898
11	0	0	0	0	462	896
12	0	0	0	0	463	892
13	0	0	0	0	466	888
14	0	0	0	0	472	884
15	0	0	0	0	478	882
0	0	0	0	0	484	880
1	0	0	0	0	490	878
2	0	0	0	0	496	874
3	0	0	0	0	502	870
4	0	0	0	0	507	865
5	0	0	0	0	511	858
6	0	0	0	0	513	853
7	0	0	0	0	513	848
8	0	0	0	0	511	844
9	0	0	0	0	508	839
10	0	0	0	0	504	834
11	0	0	0	0	499	828
12	0	0	0	0	495	821
13	0	0	0	0	490	814
14	0	0	0	0	484	807
15	0	0	0	0	478	801
0	0	0	0	0	470	796
1	0	0	0	0	463	790
2	0	0	0	0	456	785
3	0	0	0	0	451	780
4	0	0	0	0	448	776
5	0	0	0	0	446	773
6	0	0	0	0	445	771
7	0	0	0	0	446	769
8	0	0	0	0	452	766
9	0	0	0	0	461	763
10	0	0	0	0	473	760
11	0	0	0	0	489	755
12	0	0	0	0	507	751
13	0	0	0	0	527	746
14	0	0	0	0	546	742
15	0	0	0	0	564	737
0	0	0	0	0	578	733
1	0	0	0	0	591	729
2	0	0	0	0	597	726
3	0	0	0	0	600	722
4	0	0	0	0	599	719
5	0	0	0	0	595	715
6	0	0	0	0	586	710
7	0	0	0	0	575	705
8	0	0	0	0	561	697
9	0	0	0	0	547	690
10	0	0	0	0	531	683
11	0	0	0	0	515	676
12	0	0	0	0	501	670
13	0	0	0	0	489	664
14	0	0	0	0	480	659
15	0	0	0	0	472	654
0	0	0	0	0	466	649
1	0	0	0	0	461	644
2	0	0	0	0	458	639
3	0	0	0	0	456	633
4	0	0	0	0	458	627
5	0	0	0	0	461	619
6	0	0	0	0	467	610
7	0	0	0	0	470	601
8	0	0	0	0	475	590
9	0	0	0	0	482	579
10	0	0	0	0	486	567
11	0	0	0	0	491	555
12	0	0	0	0	496	543
13	0	0	0	0	499	531
14	0	0	0	0	503	518
15	0	0	0	0	505	504
0	0	0	0	0	508	488
1	0	0	0	0	508	473
2	0	0	0	0	508	458
3	0	0	0	0	504	443
4	0	0	0	0	500	428
5	0	0	0	0	494	414
6	0	0	0	0	487	398
7	0	0	0	0	480	383
8	0	0	0	0	472	368
9	0	0	0	0	465	354
10	0	0	0	0	462	341
11	0	0	0	0	457	329
12	0	0	0	0	457	317
13	0	0	0	0	457	305
14	0	0	0	0	458	293
15	0	0	0	0	459	281
0	0	0	0	0	461	270
1	0	0	0	0	466	259
2	0	0	0	0	472	248
3	0	0	0	0	482	237
4	0	0	0	0	495	230
5	0	0	0	0	510	221
6	0	0	0	0	527	215
7	0	0	0	0	547	208
8	0	0	0	0	565	204
9	0	0	0	0	582	200
10	0	0	0	0	597	193
11	0	0	0	0	607	192
12	0	0	0	0	614	188
13	0	0	0	0	614	183
14	0	0	0	0	611	183
15	0	0	0	0	603	179
0	0	0	0	0	593	178
1	0	0	0	0	582	175
2	0	0	0	0	567	173
3	0	0	0	0	553	173
4	0	0	0	0	536	172
5	0	0	0	0	517	171
6	0	0	0	0	498	168
7	0	0	0	0	482	169
8	0	0	0	0	466	166
9	0	0	0	0	454	164
10	0	0	0	0	444	161
11	0	0	0	0	437	160
12	0	0	0	0	432	158
13	0	0	0	0	427	153
14	0	0	0	0	425	153
15	0	0	0	0	427	150
0	0	0	0	0	431	146
1	0	0	0	0	437	145
2	0	0	0	0	442	140
3	0	0	0	0	448	141
4	0	0	0	0	454	136
5	0	0	0	0	459	137
6	0	0	0	0	463	134
7	0	0	0	0	466	135
8	0	0	0	0	469	135
9	0	0	0	0	472	135
10	0	0	0	0	473	135
11	0	0	0	0	476	136
12	0	0	0	0	478	139
13	0	0	0	0	480	140
14	0	0	0	0	482	140
15	0	0	0	0	483	142
0	0	0	0	0	483	145
1	0	0	0	0	484	145
2	0	0	0	0	484	145
3	0	0	0	0	484	143
4	0	0	0	0	482	141
5	0	0	0	0	480	142
6	0	0	0	0	478	145
7	0	0	0	0	476	147
8	0	0	0	0	471	149
9	0	0	0	0	469	150
10	0	0	0	0	468	152
11	0	0	0	0	467	154
12	0	0	0	0	468	156
13	0	0	0	0	474	157
14	0	0	0	0	484	159
15	0	0	0	0	497	161
0	0	0	0	0	512	160
1	0	0	0	0	529	159
2	0	0	0	0	547	161
3	0	0	0	0	565	161
4	0	0	0	0	579	161
5	0	0	0	0	591	159
6	0	0	0	0	600	159
7	0	0	0	0	601	159
8	0	0	0	0	599	161
