# OpenSignals Text File Format
# {"98:D3:51:FD:8E:66":{"sensor":["RAW","RESPBIT"],"device name":"98:D3:51:FD:8E:66","column":["nSeq","I1","I2","O1","O2","A1","A3"],"sync interval":2,"time":"00:36:18","comments":"","device connection":"BTH98:D3:51:FD:8E:66","channels":[1,3],"date":"2021-09-19","mode":0,"digital IO":[0,0,1,1],"firmware version":0,"device":"bitalino_rev","position":0,"sampling rate":100,"label":["A1","A3"],"resolution":[10,10],"special":[{},{}]}}
# EndOfHeader
0	0	0	0	0	476	686
1	0	0	0	0	479	689
2	0	0	0	0	481	691
3	0	0	0	0	483	695
4	0	0	0	0	489	697
5	0	0	0	0	504	700
6	0	0	0	0	529	703
7	0	0	0	0	567	707
8	0	0	0	0	615	710
9	0	0	0	0	672	713
10	0	0	0	0	733	716
11	0	0	0	0	790	718
12	0	0	0	0	839	722
13	0	0	0	0	874	724
14	0	0	0	0	892	727
15	0	0	0	0	890	730
0	0	0	0	0	869	733
1	0	0	0	0	832	736
2	0	0	0	0	781	739
3	0	0	0	0	721	741
4	0	0	0	0	657	744
5	0	0	0	0	590	746
6	0	0	0	0	525	748
7	0	0	0	0	465	750
8	0	0	0	0	412	752
9	0	0	0	0	368	753
10	0	0	0	0	335	754
11	0	0	0	0	314	756
12	0	0	0	0	305	756
13	0	0	0	0	310	758
14	0	0	0	0	327	759
15	0	0	0	0	354	760
0	0	0	0	0	390	760
1	0	0	0	0	432	761
2	0	0	0	0	476	762
3	0	0	0	0	517	763
4	0	0	0	0	552	763
5	0	0	0	0	582	764
6	0	0	0	0	602	765
7	0	0	0	0	614	766
8	0	0	0	0	617	766
9	0	0	0	0	610	767
10	0	0	0	0	596	768
11	0	0	0	0	575	768
12	0	0	0	0	551	768
13	0	0	0	0	525	769
14	0	0	0	0	496	770
15	0	0	0	0	471	771
0	0	0	0	0	447	771
1	0	0	0	0	425	771
2	0	0	0	0	408	772
3	0	0	0	0	393	771
4	0	0	0	0	384	771
5	0	0	0	0	377	772
6	0	0	0	0	376	772
7	0	0	0	0	380	772
8	0	0	0	0	386	771
9	0	0	0	0	396	769
10	0	0	0	0	408	767
11	0	0	0	0	420	765
12	0	0	0	0	432	764
13	0	0	0	0	444	763
14	0	0	0	0	455	763
15	0	0	0	0	463	764
0	0	0	0	0	470	765
1	0	0	0	0	474	766
2	0	0	0	0	476	768
3	0	0	0	0	478	769
4	0	0	0	0	481	770
5	0	0	0	0	490	772
6	0	0	0	0	507	774
7	0	0	0	0	536	775
8	0	0	0	0	579	776
9	0	0	0	0	632	777
10	0	0	0	0	693	777
11	0	0	0	0	754	778
12	0	0	0	0	810	778
13	0	0	0	0	856	778
14	0	0	0	0	885	777
15	0	0	0	0	895	776
0	0	0	0	0	886	775
1	0	0	0	0	861	773
2	0	0	0	0	819	771
3	0	0	0	0	766	768
4	0	0	0	0	706	766
5	0	0	0	0	642	763
6	0	0	0	0	575	759
7	0	0	0	0	510	755
8	0	0	0	0	450	750
9	0	0	0	0	399	745
10	0	0	0	0	356	740
11	0	0	0	0	324	734
12	0	0	0	0	303	728
13	0	0	0	0	297	722
14	0	0	0	0	305	716
15	0	0	0	0	326	710
0	0	0	0	0	359	704
1	0	0	0	0	399	698
2	0	0	0	0	446	692
3	0	0	0	0	491	685
4	0	0	0	0	532	679
5	0	0	0	0	568	673
6	0	0	0	0	596	667
7	0	0	0	0	615	660
8	0	0	0	0	625	653
9	0	0	0	0	622	647
10	0	0	0	0	613	640
11	0	0	0	0	596	633
12	0	0	0	0	573	627
13	0	0	0	0	545	620
14	0	0	0	0	517	613
15	0	0	0	0	487	606
0	0	0	0	0	460	599
1	0	0	0	0	435	592
2	0	0	0	0	415	585
3	0	0	0	0	399	577
4	0	0	0	0	387	570
5	0	0	0	0	378	563
6	0	0	0	0	376	556
7	0	0	0	0	376	548
8	0	0	0	0	381	539
9	0	0	0	0	389	530
10	0	0	0	0	399	521
11	0	0	0	0	410	512
12	0	0	0	0	422	504
13	0	0	0	0	435	496
14	0	0	0	0	447	489
15	0	0	0	0	456	483
0	0	0	0	0	464	477
1	0	0	0	0	468	472
2	0	0	0	0	474	467
3	0	0	0	0	479	463
4	0	0	0	0	488	458
5	0	0	0	0	506	454
6	0	0	0	0	538	450
7	0	0	0	0	582	446
8	0	0	0	0	638	442
9	0	0	0	0	701	438
10	0	0	0	0	766	434
11	0	0	0	0	826	429
12	0	0	0	0	876	425
13	0	0	0	0	909	422
14	0	0	0	0	922	418
15	0	0	0	0	915	415
0	0	0	0	0	889	413
1	0	0	0	0	847	410
2	0	0	0	0	792	408
3	0	0	0	0	727	405
4	0	0	0	0	660	403
5	0	0	0	0	591	401
6	0	0	0	0	525	398
7	0	0	0	0	464	394
8	0	0	0	0	411	391
9	0	0	0	0	366	387
10	0	0	0	0	334	384
11	0	0	0	0	313	380
12	0	0	0	0	307	377
13	0	0	0	0	313	373
14	0	0	0	0	332	370
15	0	0	0	0	361	366
0	0	0	0	0	397	363
1	0	0	0	0	438	359
2	0	0	0	0	481	355
3	0	0	0	0	523	351
4	0	0	0	0	557	348
5	0	0	0	0	583	344
6	0	0	0	0	600	340
7	0	0	0	0	610	337
8	0	0	0	0	609	333
9	0	0	0	0	601	329
10	0	0	0	0	586	326
11	0	0	0	0	566	322
12	0	0	0	0	541	319
13	0	0	0	0	513	315
14	0	0	0	0	487	312
15	0	0	0	0	462	308
0	0	0	0	0	439	305
1	0	0	0	0	418	303
2	0	0	0	0	403	299
3	0	0	0	0	391	296
4	0	0	0	0	383	292
5	0	0	0	0	379	289
6	0	0	0	0	379	286
7	0	0	0	0	382	283
8	0	0	0	0	387	280
9	0	0	0	0	395	277
10	0	0	0	0	405	273
11	0	0	0	0	416	269
12	0	0	0	0	426	265
13	0	0	0	0	436	262
14	0	0	0	0	445	259
15	0	0	0	0	454	257
0	0	0	0	0	461	256
1	0	0	0	0	465	255
2	0	0	0	0	467	254
3	0	0	0	0	468	255
4	0	0	0	0	472	254
5	0	0	0	0	480	254
6	0	0	0	0	500	255
7	0	0	0	0	536	256
8	0	0	0	0	587	257
9	0	0	0	0	651	258
10	0	0	0	0	723	257
11	0	0	0	0	797	260
12	0	0	0	0	866	261
13	0	0	0	0	920	260
14	0	0	0	0	937	262
15	0	0	0	0	937	261
0	0	0	0	0	937	264
1	0	0	0	0	935	263
2	0	0	0	0	888	268
3	0	0	0	0	831	266
4	0	0	0	0	763	268
5	0	0	0	0	691	272
6	0	0	0	0	616	273
7	0	0	0	0	545	275
8	0	0	0	0	479	276
9	0	0	0	0	421	277
10	0	0	0	0	375	278
11	0	0	0	0	341	278
12	0	0	0	0	320	278
13	0	0	0	0	314	278
14	0	0	0	0	322	278
15	0	0	0	0	340	278
0	0	0	0	0	369	277
1	0	0	0	0	406	277
2	0	0	0	0	446	277
3	0	0	0	0	487	276
4	0	0	0	0	526	275
5	0	0	0	0	560	276
6	0	0	0	0	585	275
7	0	0	0	0	601	273
8	0	0	0	0	608	275
9	0	0	0	0	606	274
10	0	0	0	0	595	273
11	0	0	0	0	579	275
12	0	0	0	0	557	275
13	0	0	0	0	533	274
14	0	0	0	0	506	275
15	0	0	0	0	479	275
0	0	0	0	0	454	275
1	0	0	0	0	430	275
2	0	0	0	0	411	275
3	0	0	0	0	394	275
4	0	0	0	0	384	275
5	0	0	0	0	378	275
6	0	0	0	0	374	275
7	0	0	0	0	373	275
8	0	0	0	0	376	275
9	0	0	0	0	384	274
10	0	0	0	0	393	274
11	0	0	0	0	401	275
12	0	0	0	0	413	276
13	0	0	0	0	424	276
14	0	0	0	0	433	276
15	0	0	0	0	444	275
0	0	0	0	0	453	275
1	0	0	0	0	460	274
2	0	0	0	0	465	273
3	0	0	0	0	468	274
4	0	0	0	0	468	275
5	0	0	0	0	466	277
6	0	0	0	0	462	279
7	0	0	0	0	455	282
8	0	0	0	0	450	284
9	0	0	0	0	447	286
10	0	0	0	0	451	289
11	0	0	0	0	467	292
12	0	0	0	0	502	295
13	0	0	0	0	555	298
14	0	0	0	0	621	302
15	0	0	0	0	699	303
0	0	0	0	0	779	307
1	0	0	0	0	854	310
2	0	0	0	0	912	312
3	0	0	0	0	937	315
4	0	0	0	0	937	317
5	0	0	0	0	937	321
6	0	0	0	0	936	324
7	0	0	0	0	889	325
8	0	0	0	0	830	329
9	0	0	0	0	761	330
10	0	0	0	0	684	335
11	0	0	0	0	606	337
12	0	0	0	0	531	340
13	0	0	0	0	463	343
14	0	0	0	0	403	345
15	0	0	0	0	355	346
0	0	0	0	0	320	348
1	0	0	0	0	299	349
2	0	0	0	0	294	351
3	0	0	0	0	302	352
4	0	0	0	0	324	353
5	0	0	0	0	357	355
6	0	0	0	0	396	356
7	0	0	0	0	438	357
8	0	0	0	0	482	358
9	0	0	0	0	522	359
10	0	0	0	0	555	361
11	0	0	0	0	578	362
12	0	0	0	0	593	363
13	0	0	0	0	599	364
14	0	0	0	0	595	365
15	0	0	0	0	583	367
0	0	0	0	0	565	368
1	0	0	0	0	542	369
2	0	0	0	0	515	370
3	0	0	0	0	486	372
4	0	0	0	0	458	373
5	0	0	0	0	434	375
6	0	0	0	0	412	376
7	0	0	0	0	393	378
8	0	0	0	0	377	380
9	0	0	0	0	367	381
10	0	0	0	0	362	383
11	0	0	0	0	361	385
12	0	0	0	0	362	387
13	0	0	0	0	367	390
14	0	0	0	0	374	393
15	0	0	0	0	382	396
0	0	0	0	0	391	398
1	0	0	0	0	400	400
2	0	0	0	0	409	403
3	0	0	0	0	419	406
4	0	0	0	0	429	409
5	0	0	0	0	437	412
6	0	0	0	0	443	415
7	0	0	0	0	449	417
8	0	0	0	0	453	419
9	0	0	0	0	455	422
10	0	0	0	0	455	423
11	0	0	0	0	453	426
12	0	0	0	0	449	430
13	0	0	0	0	444	434
14	0	0	0	0	438	438
15	0	0	0	0	432	443
0	0	0	0	0	424	448
1	0	0	0	0	419	452
2	0	0	0	0	419	457
3	0	0	0	0	429	463
4	0	0	0	0	455	468
5	0	0	0	0	496	474
6	0	0	0	0	557	480
7	0	0	0	0	629	486
8	0	0	0	0	708	492
9	0	0	0	0	784	497
10	0	0	0	0	851	503
11	0	0	0	0	902	509
12	0	0	0	0	929	515
13	0	0	0	0	934	522
14	0	0	0	0	916	528
15	0	0	0	0	878	534
0	0	0	0	0	823	540
1	0	0	0	0	755	547
2	0	0	0	0	680	553
3	0	0	0	0	602	559
4	0	0	0	0	526	565
5	0	0	0	0	455	570
6	0	0	0	0	391	576
7	0	0	0	0	339	581
8	0	0	0	0	299	586
9	0	0	0	0	271	591
10	0	0	0	0	256	596
11	0	0	0	0	257	600
12	0	0	0	0	270	604
13	0	0	0	0	296	608
14	0	0	0	0	332	613
15	0	0	0	0	376	617
0	0	0	0	0	423	621
1	0	0	0	0	468	626
2	0	0	0	0	511	630
3	0	0	0	0	547	633
4	0	0	0	0	574	637
5	0	0	0	0	590	641
6	0	0	0	0	596	644
7	0	0	0	0	593	647
8	0	0	0	0	580	651
9	0	0	0	0	560	655
10	0	0	0	0	536	658
11	0	0	0	0	508	662
12	0	0	0	0	477	665
13	0	0	0	0	448	670
14	0	0	0	0	421	672
15	0	0	0	0	397	676
0	0	0	0	0	375	679
1	0	0	0	0	359	682
2	0	0	0	0	350	685
3	0	0	0	0	344	688
4	0	0	0	0	342	691
5	0	0	0	0	345	695
6	0	0	0	0	351	698
7	0	0	0	0	358	701
8	0	0	0	0	368	704
9	0	0	0	0	380	707
10	0	0	0	0	393	709
11	0	0	0	0	406	712
12	0	0	0	0	419	714
13	0	0	0	0	430	718
14	0	0	0	0	438	721
15	0	0	0	0	446	723
0	0	0	0	0	450	725
1	0	0	0	0	453	726
2	0	0	0	0	455	726
3	0	0	0	0	455	727
4	0	0	0	0	454	728
5	0	0	0	0	452	731
6	0	0	0	0	449	734
7	0	0	0	0	444	737
8	0	0	0	0	439	740
9	0	0	0	0	432	744
10	0	0	0	0	427	748
11	0	0	0	0	421	751
12	0	0	0	0	420	755
13	0	0	0	0	424	759
14	0	0	0	0	443	763
15	0	0	0	0	480	767
0	0	0	0	0	534	771
1	0	0	0	0	600	776
2	0	0	0	0	673	780
3	0	0	0	0	746	784
4	0	0	0	0	812	788
5	0	0	0	0	863	792
6	0	0	0	0	896	795
7	0	0	0	0	908	798
8	0	0	0	0	898	802
9	0	0	0	0	867	805
10	0	0	0	0	819	807
11	0	0	0	0	758	810
12	0	0	0	0	688	814
13	0	0	0	0	614	816
14	0	0	0	0	539	818
15	0	0	0	0	468	821
0	0	0	0	0	403	822
1	0	0	0	0	348	824
2	0	0	0	0	303	825
3	0	0	0	0	271	827
4	0	0	0	0	252	827
5	0	0	0	0	245	828
6	0	0	0	0	252	828
7	0	0	0	0	271	829
8	0	0	0	0	302	829
9	0	0	0	0	343	829
10	0	0	0	0	389	829
11	0	0	0	0	438	828
12	0	0	0	0	484	828
13	0	0	0	0	527	828
14	0	0	0	0	560	827
15	0	0	0	0	585	826
0	0	0	0	0	600	826
1	0	0	0	0	605	825
2	0	0	0	0	600	825
3	0	0	0	0	584	824
4	0	0	0	0	565	824
5	0	0	0	0	540	823
6	0	0	0	0	510	821
7	0	0	0	0	479	820
8	0	0	0	0	449	818
9	0	0	0	0	422	817
10	0	0	0	0	397	816
11	0	0	0	0	375	814
12	0	0	0	0	359	812
13	0	0	0	0	348	811
14	0	0	0	0	343	809
15	0	0	0	0	341	808
0	0	0	0	0	344	806
1	0	0	0	0	351	804
2	0	0	0	0	360	802
3	0	0	0	0	373	802
4	0	0	0	0	387	801
5	0	0	0	0	401	799
6	0	0	0	0	415	796
7	0	0	0	0	429	792
8	0	0	0	0	440	789
9	0	0	0	0	450	786
10	0	0	0	0	456	783
11	0	0	0	0	461	782
12	0	0	0	0	464	779
13	0	0	0	0	464	778
14	0	0	0	0	462	775
15	0	0	0	0	459	774
0	0	0	0	0	455	772
1	0	0	0	0	451	771
2	0	0	0	0	446	769
3	0	0	0	0	449	768
4	0	0	0	0	465	767
5	0	0	0	0	497	765
6	0	0	0	0	544	763
7	0	0	0	0	602	761
8	0	0	0	0	667	759
9	0	0	0	0	730	757
10	0	0	0	0	785	755
11	0	0	0	0	828	753
12	0	0	0	0	853	751
13	0	0	0	0	860	748
14	0	0	0	0	848	745
15	0	0	0	0	818	742
0	0	0	0	0	774	739
1	0	0	0	0	716	736
2	0	0	0	0	653	733
3	0	0	0	0	586	730
4	0	0	0	0	519	726
5	0	0	0	0	455	723
6	0	0	0	0	399	719
7	0	0	0	0	352	715
8	0	0	0	0	312	711
9	0	0	0	0	283	706
10	0	0	0	0	267	701
11	0	0	0	0	261	696
12	0	0	0	0	268	691
13	0	0	0	0	287	685
14	0	0	0	0	316	680
15	0	0	0	0	353	673
0	0	0	0	0	395	668
1	0	0	0	0	439	662
2	0	0	0	0	482	654
3	0	0	0	0	522	647
4	0	0	0	0	555	641
5	0	0	0	0	579	634
6	0	0	0	0	595	627
7	0	0	0	0	600	621
8	0	0	0	0	596	614
9	0	0	0	0	583	607
10	0	0	0	0	565	601
11	0	0	0	0	540	594
12	0	0	0	0	514	588
13	0	0	0	0	484	582
14	0	0	0	0	455	576
15	0	0	0	0	428	571
0	0	0	0	0	406	565
1	0	0	0	0	386	559
2	0	0	0	0	370	552
3	0	0	0	0	360	546
4	0	0	0	0	354	540
5	0	0	0	0	353	535
6	0	0	0	0	355	530
7	0	0	0	0	363	523
8	0	0	0	0	372	516
9	0	0	0	0	383	509
10	0	0	0	0	395	501
11	0	0	0	0	407	494
12	0	0	0	0	419	488
13	0	0	0	0	430	483
14	0	0	0	0	441	478
15	0	0	0	0	449	474
0	0	0	0	0	457	471
1	0	0	0	0	460	467
2	0	0	0	0	463	463
3	0	0	0	0	466	460
4	0	0	0	0	473	457
5	0	0	0	0	486	454
6	0	0	0	0	513	451
7	0	0	0	0	555	449
8	0	0	0	0	609	446
9	0	0	0	0	670	443
10	0	0	0	0	731	441
11	0	0	0	0	787	438
12	0	0	0	0	832	436
13	0	0	0	0	862	432
14	0	0	0	0	872	430
15	0	0	0	0	864	427
0	0	0	0	0	838	425
1	0	0	0	0	796	423
2	0	0	0	0	741	421
3	0	0	0	0	678	419
4	0	0	0	0	610	418
5	0	0	0	0	542	417
6	0	0	0	0	477	415
7	0	0	0	0	418	412
8	0	0	0	0	367	409
9	0	0	0	0	323	407
10	0	0	0	0	291	404
11	0	0	0	0	272	402
12	0	0	0	0	264	399
13	0	0	0	0	267	396
14	0	0	0	0	280	393
15	0	0	0	0	306	390
0	0	0	0	0	340	387
1	0	0	0	0	380	383
2	0	0	0	0	423	380
3	0	0	0	0	466	377
4	0	0	0	0	507	374
5	0	0	0	0	543	371
6	0	0	0	0	570	368
7	0	0	0	0	587	366
8	0	0	0	0	597	363
9	0	0	0	0	595	360
10	0	0	0	0	585	357
11	0	0	0	0	569	354
12	0	0	0	0	547	351
13	0	0	0	0	521	348
14	0	0	0	0	494	345
15	0	0	0	0	469	342
0	0	0	0	0	445	339
1	0	0	0	0	423	337
2	0	0	0	0	403	334
3	0	0	0	0	387	331
4	0	0	0	0	377	327
5	0	0	0	0	369	323
6	0	0	0	0	365	321
7	0	0	0	0	364	319
8	0	0	0	0	368	317
9	0	0	0	0	373	315
10	0	0	0	0	380	312
11	0	0	0	0	388	309
12	0	0	0	0	398	305
13	0	0	0	0	407	301
14	0	0	0	0	418	299
15	0	0	0	0	430	297
0	0	0	0	0	440	295
1	0	0	0	0	449	294
2	0	0	0	0	456	294
3	0	0	0	0	463	293
4	0	0	0	0	468	293
5	0	0	0	0	473	293
6	0	0	0	0	485	293
7	0	0	0	0	511	293
8	0	0	0	0	551	293
9	0	0	0	0	604	293
10	0	0	0	0	665	294
11	0	0	0	0	730	294
12	0	0	0	0	789	295
13	0	0	0	0	839	295
14	0	0	0	0	875	292
15	0	0	0	0	892	295
0	0	0	0	0	890	293
1	0	0	0	0	867	296
2	0	0	0	0	828	294
3	0	0	0	0	775	297
4	0	0	0	0	711	297
5	0	0	0	0	642	298
6	0	0	0	0	571	298
7	0	0	0	0	501	300
8	0	0	0	0	439	301
9	0	0	0	0	385	301
10	0	0	0	0	340	301
11	0	0	0	0	306	301
12	0	0	0	0	282	301
13	0	0	0	0	270	301
14	0	0	0	0	270	300
15	0	0	0	0	281	299
0	0	0	0	0	303	298
1	0	0	0	0	333	297
2	0	0	0	0	371	296
3	0	0	0	0	413	295
4	0	0	0	0	456	295
5	0	0	0	0	496	294
6	0	0	0	0	532	293
7	0	0	0	0	563	292
8	0	0	0	0	584	291
9	0	0	0	0	595	290
10	0	0	0	0	598	289
11	0	0	0	0	590	289
12	0	0	0	0	579	287
13	0	0	0	0	561	287
14	0	0	0	0	538	285
15	0	0	0	0	513	285
0	0	0	0	0	486	284
1	0	0	0	0	460	284
2	0	0	0	0	435	283
3	0	0	0	0	414	283
4	0	0	0	0	394	282
5	0	0	0	0	378	281
6	0	0	0	0	368	281
7	0	0	0	0	361	280
8	0	0	0	0	360	279
9	0	0	0	0	363	279
10	0	0	0	0	370	279
11	0	0	0	0	379	279
12	0	0	0	0	390	278
13	0	0	0	0	400	278
14	0	0	0	0	412	276
15	0	0	0	0	424	274
0	0	0	0	0	435	273
1	0	0	0	0	446	272
2	0	0	0	0	454	272
3	0	0	0	0	460	272
4	0	0	0	0	464	274
5	0	0	0	0	467	275
6	0	0	0	0	468	277
7	0	0	0	0	468	279
8	0	0	0	0	470	281
9	0	0	0	0	478	284
10	0	0	0	0	499	286
11	0	0	0	0	536	287
12	0	0	0	0	587	291
13	0	0	0	0	649	293
14	0	0	0	0	712	295
15	0	0	0	0	771	297
0	0	0	0	0	822	301
1	0	0	0	0	857	302
2	0	0	0	0	875	302
3	0	0	0	0	871	307
4	0	0	0	0	850	307
5	0	0	0	0	811	312
6	0	0	0	0	756	313
7	0	0	0	0	691	315
8	0	0	0	0	621	318
9	0	0	0	0	550	321
10	0	0	0	0	483	323
11	0	0	0	0	420	325
12	0	0	0	0	368	326
13	0	0	0	0	326	327
14	0	0	0	0	293	328
15	0	0	0	0	273	329
0	0	0	0	0	264	329
1	0	0	0	0	266	330
2	0	0	0	0	279	331
3	0	0	0	0	303	332
4	0	0	0	0	337	332
5	0	0	0	0	379	332
6	0	0	0	0	426	333
7	0	0	0	0	473	333
8	0	0	0	0	517	333
9	0	0	0	0	554	334
10	0	0	0	0	583	334
11	0	0	0	0	603	334
12	0	0	0	0	613	334
13	0	0	0	0	612	334
14	0	0	0	0	604	334
15	0	0	0	0	588	335
0	0	0	0	0	568	335
1	0	0	0	0	540	335
2	0	0	0	0	514	335
3	0	0	0	0	486	335
4	0	0	0	0	459	335
5	0	0	0	0	434	335
6	0	0	0	0	412	336
7	0	0	0	0	395	336
8	0	0	0	0	381	337
9	0	0	0	0	371	338
10	0	0	0	0	367	339
11	0	0	0	0	365	339
12	0	0	0	0	367	340
13	0	0	0	0	372	340
14	0	0	0	0	380	342
15	0	0	0	0	389	344
0	0	0	0	0	400	346
1	0	0	0	0	411	347
2	0	0	0	0	423	349
3	0	0	0	0	435	350
4	0	0	0	0	445	351
5	0	0	0	0	455	353
6	0	0	0	0	464	356
7	0	0	0	0	471	359
8	0	0	0	0	473	364
9	0	0	0	0	476	368
10	0	0	0	0	476	373
11	0	0	0	0	472	378
12	0	0	0	0	468	384
13	0	0	0	0	467	389
14	0	0	0	0	476	395
15	0	0	0	0	499	401
0	0	0	0	0	538	407
1	0	0	0	0	590	413
2	0	0	0	0	649	420
3	0	0	0	0	707	427
4	0	0	0	0	757	433
5	0	0	0	0	797	440
6	0	0	0	0	820	446
7	0	0	0	0	825	453
8	0	0	0	0	812	458
9	0	0	0	0	782	466
10	0	0	0	0	738	472
11	0	0	0	0	685	478
12	0	0	0	0	623	486
13	0	0	0	0	558	493
14	0	0	0	0	495	500
15	0	0	0	0	434	507
0	0	0	0	0	380	514
1	0	0	0	0	335	520
2	0	0	0	0	301	527
3	0	0	0	0	277	533
4	0	0	0	0	263	540
5	0	0	0	0	260	546
6	0	0	0	0	269	553
7	0	0	0	0	287	559
8	0	0	0	0	313	564
9	0	0	0	0	347	571
10	0	0	0	0	388	577
11	0	0	0	0	434	583
12	0	0	0	0	479	588
13	0	0	0	0	520	593
14	0	0	0	0	555	598
15	0	0	0	0	581	603
0	0	0	0	0	598	608
1	0	0	0	0	604	612
2	0	0	0	0	601	616
3	0	0	0	0	590	620
4	0	0	0	0	572	624
5	0	0	0	0	550	628
6	0	0	0	0	524	632
7	0	0	0	0	497	636
8	0	0	0	0	470	639
9	0	0	0	0	443	643
10	0	0	0	0	419	646
11	0	0	0	0	400	649
12	0	0	0	0	385	653
13	0	0	0	0	374	656
14	0	0	0	0	365	659
15	0	0	0	0	363	661
0	0	0	0	0	364	664
1	0	0	0	0	367	668
2	0	0	0	0	374	670
3	0	0	0	0	384	673
4	0	0	0	0	396	675
5	0	0	0	0	408	677
6	0	0	0	0	419	677
7	0	0	0	0	430	678
8	0	0	0	0	441	679
9	0	0	0	0	450	681
10	0	0	0	0	460	684
11	0	0	0	0	466	687
12	0	0	0	0	470	690
13	0	0	0	0	473	694
14	0	0	0	0	473	698
15	0	0	0	0	473	702
0	0	0	0	0	473	706
1	0	0	0	0	474	710
2	0	0	0	0	482	714
3	0	0	0	0	502	719
4	0	0	0	0	537	723
5	0	0	0	0	587	728
6	0	0	0	0	645	732
7	0	0	0	0	703	737
8	0	0	0	0	753	742
9	0	0	0	0	792	746
10	0	0	0	0	814	750
11	0	0	0	0	818	753
12	0	0	0	0	804	757
13	0	0	0	0	776	761
14	0	0	0	0	734	764
15	0	0	0	0	681	768
0	0	0	0	0	621	772
1	0	0	0	0	557	776
2	0	0	0	0	495	779
3	0	0	0	0	436	782
4	0	0	0	0	386	785
5	0	0	0	0	343	788
6	0	0	0	0	309	791
7	0	0	0	0	284	794
8	0	0	0	0	268	796
9	0	0	0	0	263	799
10	0	0	0	0	268	801
11	0	0	0	0	283	803
12	0	0	0	0	305	805
13	0	0	0	0	338	807
14	0	0	0	0	377	809
15	0	0	0	0	420	810
0	0	0	0	0	465	812
1	0	0	0	0	508	813
2	0	0	0	0	545	815
3	0	0	0	0	575	816
4	0	0	0	0	597	817
5	0	0	0	0	610	818
6	0	0	0	0	611	818
7	0	0	0	0	605	819
8	0	0	0	0	591	819
9	0	0	0	0	570	819
10	0	0	0	0	545	819
11	0	0	0	0	519	819
12	0	0	0	0	491	819
13	0	0	0	0	464	819
14	0	0	0	0	439	819
15	0	0	0	0	416	818
0	0	0	0	0	398	817
1	0	0	0	0	385	816
2	0	0	0	0	375	816
3	0	0	0	0	368	816
4	0	0	0	0	367	816
5	0	0	0	0	371	814
6	0	0	0	0	375	812
7	0	0	0	0	383	808
8	0	0	0	0	394	806
9	0	0	0	0	405	803
10	0	0	0	0	417	802
11	0	0	0	0	429	801
12	0	0	0	0	441	801
13	0	0	0	0	450	800
14	0	0	0	0	457	800
15	0	0	0	0	464	801
0	0	0	0	0	471	800
1	0	0	0	0	474	800
2	0	0	0	0	478	800
3	0	0	0	0	489	801
4	0	0	0	0	510	801
5	0	0	0	0	546	801
6	0	0	0	0	596	801
7	0	0	0	0	655	802
8	0	0	0	0	713	802
9	0	0	0	0	763	802
10	0	0	0	0	799	802
11	0	0	0	0	822	801
12	0	0	0	0	825	800
13	0	0	0	0	811	799
14	0	0	0	0	780	798
15	0	0	0	0	737	797
0	0	0	0	0	684	796
1	0	0	0	0	624	795
2	0	0	0	0	562	793
3	0	0	0	0	500	792
4	0	0	0	0	443	789
5	0	0	0	0	389	786
6	0	0	0	0	344	783
7	0	0	0	0	310	781
8	0	0	0	0	286	777
9	0	0	0	0	271	775
10	0	0	0	0	265	772
11	0	0	0	0	273	769
12	0	0	0	0	288	766
13	0	0	0	0	312	763
14	0	0	0	0	344	760
15	0	0	0	0	381	756
0	0	0	0	0	425	752
1	0	0	0	0	469	749
2	0	0	0	0	511	745
3	0	0	0	0	550	741
4	0	0	0	0	581	738
5	0	0	0	0	603	734
6	0	0	0	0	616	730
7	0	0	0	0	620	725
8	0	0	0	0	614	721
9	0	0	0	0	598	717
10	0	0	0	0	577	712
11	0	0	0	0	553	707
12	0	0	0	0	526	703
13	0	0	0	0	497	697
14	0	0	0	0	470	692
15	0	0	0	0	445	687
0	0	0	0	0	423	681
1	0	0	0	0	404	676
2	0	0	0	0	391	671
3	0	0	0	0	382	664
4	0	0	0	0	377	658
5	0	0	0	0	376	650
6	0	0	0	0	379	643
7	0	0	0	0	384	636
8	0	0	0	0	392	629
9	0	0	0	0	402	623
10	0	0	0	0	413	617
11	0	0	0	0	425	611
12	0	0	0	0	437	606
13	0	0	0	0	446	600
14	0	0	0	0	455	595
15	0	0	0	0	464	590
0	0	0	0	0	472	584
1	0	0	0	0	483	579
2	0	0	0	0	503	574
3	0	0	0	0	535	569
4	0	0	0	0	580	564
5	0	0	0	0	636	559
6	0	0	0	0	695	554
7	0	0	0	0	750	549
8	0	0	0	0	794	544
9	0	0	0	0	826	539
10	0	0	0	0	840	533
11	0	0	0	0	838	528
12	0	0	0	0	819	523
13	0	0	0	0	784	517
14	0	0	0	0	736	513
15	0	0	0	0	679	508
0	0	0	0	0	617	503
1	0	0	0	0	555	497
2	0	0	0	0	495	492
3	0	0	0	0	440	487
4	0	0	0	0	391	481
5	0	0	0	0	348	475
6	0	0	0	0	316	470
7	0	0	0	0	293	464
8	0	0	0	0	281	459
9	0	0	0	0	278	454
10	0	0	0	0	287	449
11	0	0	0	0	305	444
12	0	0	0	0	334	440
13	0	0	0	0	369	435
14	0	0	0	0	412	430
15	0	0	0	0	457	425
0	0	0	0	0	503	421
1	0	0	0	0	542	416
2	0	0	0	0	574	411
3	0	0	0	0	600	407
4	0	0	0	0	615	403
5	0	0	0	0	620	398
6	0	0	0	0	616	393
7	0	0	0	0	604	389
8	0	0	0	0	588	385
9	0	0	0	0	565	381
10	0	0	0	0	539	377
11	0	0	0	0	511	372
12	0	0	0	0	483	367
13	0	0	0	0	458	363
14	0	0	0	0	435	358
15	0	0	0	0	417	354
0	0	0	0	0	403	350
1	0	0	0	0	392	345
2	0	0	0	0	386	341
3	0	0	0	0	383	336
4	0	0	0	0	385	331
5	0	0	0	0	389	325
6	0	0	0	0	397	320
7	0	0	0	0	405	317
8	0	0	0	0	416	314
9	0	0	0	0	427	311
10	0	0	0	0	437	309
11	0	0	0	0	448	307
12	0	0	0	0	456	305
13	0	0	0	0	467	304
14	0	0	0	0	478	302
15	0	0	0	0	500	300
0	0	0	0	0	536	299
1	0	0	0	0	587	298
2	0	0	0	0	646	297
3	0	0	0	0	709	295
4	0	0	0	0	769	295
5	0	0	0	0	821	295
6	0	0	0	0	858	296
7	0	0	0	0	878	295
8	0	0	0	0	880	295
9	0	0	0	0	864	296
10	0	0	0	0	830	296
11	0	0	0	0	782	294
12	0	0	0	0	725	297
13	0	0	0	0	659	297
14	0	0	0	0	590	297
15	0	0	0	0	524	299
0	0	0	0	0	462	299
1	0	0	0	0	407	299
2	0	0	0	0	359	298
3	0	0	0	0	321	297
4	0	0	0	0	295	297
5	0	0	0	0	281	296
6	0	0	0	0	279	295
7	0	0	0	0	287	294
8	0	0	0	0	308	293
9	0	0	0	0	339	291
10	0	0	0	0	376	291
11	0	0	0	0	419	289
12	0	0	0	0	464	288
13	0	0	0	0	509	287
14	0	0	0	0	548	287
15	0	0	0	0	580	286
0	0	0	0	0	604	285
1	0	0	0	0	617	283
2	0	0	0	0	621	283
3	0	0	0	0	617	282
4	0	0	0	0	605	281
5	0	0	0	0	586	279
6	0	0	0	0	563	279
7	0	0	0	0	537	277
8	0	0	0	0	510	277
9	0	0	0	0	483	275
10	0	0	0	0	458	273
11	0	0	0	0	436	271
12	0	0	0	0	418	270
13	0	0	0	0	404	270
14	0	0	0	0	395	268
15	0	0	0	0	389	267
0	0	0	0	0	387	265
1	0	0	0	0	390	263
2	0	0	0	0	395	261
3	0	0	0	0	403	258
4	0	0	0	0	412	257
5	0	0	0	0	422	255
6	0	0	0	0	433	255
7	0	0	0	0	444	256
8	0	0	0	0	452	257
9	0	0	0	0	461	258
10	0	0	0	0	470	259
11	0	0	0	0	481	261
12	0	0	0	0	499	262
13	0	0	0	0	527	263
14	0	0	0	0	569	265
15	0	0	0	0	624	266
0	0	0	0	0	683	267
1	0	0	0	0	743	268
2	0	0	0	0	799	271
3	0	0	0	0	844	274
4	0	0	0	0	872	277
5	0	0	0	0	882	277
6	0	0	0	0	876	277
7	0	0	0	0	849	281
8	0	0	0	0	807	285
9	0	0	0	0	750	286
10	0	0	0	0	687	287
11	0	0	0	0	617	291
12	0	0	0	0	550	294
13	0	0	0	0	485	296
14	0	0	0	0	425	298
15	0	0	0	0	374	300
0	0	0	0	0	333	301
1	0	0	0	0	304	302
2	0	0	0	0	286	304
3	0	0	0	0	282	305
4	0	0	0	0	290	306
5	0	0	0	0	309	307
6	0	0	0	0	339	308
7	0	0	0	0	379	308
8	0	0	0	0	424	309
9	0	0	0	0	472	310
10	0	0	0	0	515	310
11	0	0	0	0	555	311
12	0	0	0	0	588	310
13	0	0	0	0	611	311
14	0	0	0	0	622	312
15	0	0	0	0	624	312
0	0	0	0	0	618	313
1	0	0	0	0	604	313
2	0	0	0	0	583	314
3	0	0	0	0	559	313
4	0	0	0	0	531	315
5	0	0	0	0	504	315
6	0	0	0	0	478	315
7	0	0	0	0	452	315
8	0	0	0	0	433	314
9	0	0	0	0	415	313
10	0	0	0	0	402	313
11	0	0	0	0	394	315
12	0	0	0	0	389	315
13	0	0	0	0	388	315
14	0	0	0	0	391	315
15	0	0	0	0	396	314
0	0	0	0	0	404	313
1	0	0	0	0	413	312
2	0	0	0	0	423	311
3	0	0	0	0	434	311
4	0	0	0	0	445	311
5	0	0	0	0	455	313
6	0	0	0	0	463	315
7	0	0	0	0	469	317
8	0	0	0	0	475	319
9	0	0	0	0	482	321
10	0	0	0	0	494	324
11	0	0	0	0	516	326
12	0	0	0	0	550	328
13	0	0	0	0	598	330
14	0	0	0	0	654	332
15	0	0	0	0	711	335
0	0	0	0	0	769	336
1	0	0	0	0	817	338
2	0	0	0	0	852	341
3	0	0	0	0	870	344
4	0	0	0	0	869	347
5	0	0	0	0	850	348
6	0	0	0	0	813	350
7	0	0	0	0	762	353
8	0	0	0	0	703	356
9	0	0	0	0	636	359
10	0	0	0	0	569	361
11	0	0	0	0	504	363
12	0	0	0	0	443	366
13	0	0	0	0	390	367
14	0	0	0	0	345	369
15	0	0	0	0	313	370
0	0	0	0	0	293	372
1	0	0	0	0	283	373
2	0	0	0	0	287	374
3	0	0	0	0	304	375
4	0	0	0	0	334	376
5	0	0	0	0	373	378
6	0	0	0	0	416	378
7	0	0	0	0	463	379
8	0	0	0	0	509	380
9	0	0	0	0	551	381
10	0	0	0	0	583	382
11	0	0	0	0	609	383
12	0	0	0	0	624	384
13	0	0	0	0	628	384
14	0	0	0	0	623	385
15	0	0	0	0	610	386
0	0	0	0	0	591	387
1	0	0	0	0	565	388
2	0	0	0	0	537	388
3	0	0	0	0	508	389
4	0	0	0	0	480	390
5	0	0	0	0	451	391
6	0	0	0	0	429	392
7	0	0	0	0	410	393
8	0	0	0	0	396	393
9	0	0	0	0	385	393
10	0	0	0	0	380	394
11	0	0	0	0	380	395
12	0	0	0	0	385	396
13	0	0	0	0	392	397
14	0	0	0	0	402	398
15	0	0	0	0	415	398
0	0	0	0	0	428	397
1	0	0	0	0	439	397
2	0	0	0	0	451	397
3	0	0	0	0	461	398
4	0	0	0	0	469	399
5	0	0	0	0	474	401
6	0	0	0	0	476	404
7	0	0	0	0	480	407
8	0	0	0	0	482	411
9	0	0	0	0	485	414
10	0	0	0	0	492	418
11	0	0	0	0	507	422
12	0	0	0	0	537	427
13	0	0	0	0	581	432
14	0	0	0	0	635	437
15	0	0	0	0	695	443
0	0	0	0	0	753	448
1	0	0	0	0	806	454
2	0	0	0	0	846	459
3	0	0	0	0	868	465
4	0	0	0	0	872	471
5	0	0	0	0	858	475
6	0	0	0	0	825	481
7	0	0	0	0	777	486
8	0	0	0	0	719	493
9	0	0	0	0	653	499
10	0	0	0	0	584	505
11	0	0	0	0	516	512
12	0	0	0	0	451	518
13	0	0	0	0	394	524
14	0	0	0	0	346	529
15	0	0	0	0	309	535
0	0	0	0	0	285	541
1	0	0	0	0	274	546
2	0	0	0	0	274	551
3	0	0	0	0	288	556
4	0	0	0	0	314	561
5	0	0	0	0	351	566
6	0	0	0	0	395	572
7	0	0	0	0	442	576
8	0	0	0	0	490	581
9	0	0	0	0	536	585
10	0	0	0	0	573	589
11	0	0	0	0	601	594
12	0	0	0	0	621	598
13	0	0	0	0	630	602
14	0	0	0	0	627	607
15	0	0	0	0	616	611
0	0	0	0	0	599	615
1	0	0	0	0	576	620
2	0	0	0	0	548	624
3	0	0	0	0	518	628
4	0	0	0	0	488	632
5	0	0	0	0	459	636
6	0	0	0	0	433	640
7	0	0	0	0	411	644
8	0	0	0	0	393	648
9	0	0	0	0	381	652
10	0	0	0	0	374	655
11	0	0	0	0	371	658
12	0	0	0	0	372	661
13	0	0	0	0	379	664
14	0	0	0	0	387	668
15	0	0	0	0	399	671
0	0	0	0	0	411	673
1	0	0	0	0	423	674
2	0	0	0	0	438	675
3	0	0	0	0	450	675
4	0	0	0	0	461	677
5	0	0	0	0	470	680
6	0	0	0	0	476	684
7	0	0	0	0	481	688
8	0	0	0	0	485	692
9	0	0	0	0	483	696
10	0	0	0	0	482	701
11	0	0	0	0	480	705
12	0	0	0	0	481	710
13	0	0	0	0	490	715
14	0	0	0	0	512	720
15	0	0	0	0	550	725
0	0	0	0	0	601	729
1	0	0	0	0	659	734
2	0	0	0	0	719	739
3	0	0	0	0	776	743
4	0	0	0	0	822	748
5	0	0	0	0	853	752
6	0	0	0	0	865	756
7	0	0	0	0	859	760
8	0	0	0	0	833	763
9	0	0	0	0	792	766
10	0	0	0	0	740	770
11	0	0	0	0	678	774
12	0	0	0	0	611	777
13	0	0	0	0	543	780
14	0	0	0	0	479	783
15	0	0	0	0	419	785
0	0	0	0	0	367	787
1	0	0	0	0	324	789
2	0	0	0	0	293	791
3	0	0	0	0	274	793
4	0	0	0	0	267	794
5	0	0	0	0	273	796
6	0	0	0	0	292	797
7	0	0	0	0	323	798
8	0	0	0	0	362	799
9	0	0	0	0	409	800
10	0	0	0	0	459	801
11	0	0	0	0	506	802
12	0	0	0	0	546	803
13	0	0	0	0	580	803
14	0	0	0	0	604	804
15	0	0	0	0	620	804
0	0	0	0	0	625	804
1	0	0	0	0	620	804
2	0	0	0	0	608	804
3	0	0	0	0	589	804
4	0	0	0	0	564	804
5	0	0	0	0	536	804
6	0	0	0	0	506	804
7	0	0	0	0	478	804
8	0	0	0	0	449	804
9	0	0	0	0	424	803
10	0	0	0	0	404	803
11	0	0	0	0	390	802
12	0	0	0	0	380	800
13	0	0	0	0	375	800
14	0	0	0	0	374	800
15	0	0	0	0	376	799
0	0	0	0	0	380	797
1	0	0	0	0	387	794
2	0	0	0	0	398	790
3	0	0	0	0	409	787
4	0	0	0	0	423	785
5	0	0	0	0	436	783
6	0	0	0	0	450	782
7	0	0	0	0	461	781
8	0	0	0	0	471	780
9	0	0	0	0	478	780
10	0	0	0	0	483	780
11	0	0	0	0	485	780
12	0	0	0	0	489	780
13	0	0	0	0	497	780
14	0	0	0	0	516	780
15	0	0	0	0	547	781
0	0	0	0	0	592	781
1	0	0	0	0	648	781
2	0	0	0	0	706	781
3	0	0	0	0	763	781
4	0	0	0	0	815	782
5	0	0	0	0	852	782
6	0	0	0	0	875	781
7	0	0	0	0	877	781
8	0	0	0	0	862	781
9	0	0	0	0	831	780
10	0	0	0	0	783	780
11	0	0	0	0	724	779
12	0	0	0	0	659	778
13	0	0	0	0	589	777
14	0	0	0	0	520	775
15	0	0	0	0	455	773
0	0	0	0	0	396	771
1	0	0	0	0	347	768
2	0	0	0	0	308	765
3	0	0	0	0	280	761
4	0	0	0	0	266	758
5	0	0	0	0	265	755
6	0	0	0	0	275	751
7	0	0	0	0	300	748
8	0	0	0	0	336	744
9	0	0	0	0	379	740
10	0	0	0	0	427	736
11	0	0	0	0	476	731
12	0	0	0	0	524	726
13	0	0	0	0	565	721
14	0	0	0	0	597	715
15	0	0	0	0	620	709
0	0	0	0	0	633	703
1	0	0	0	0	634	697
2	0	0	0	0	626	691
3	0	0	0	0	609	684
4	0	0	0	0	588	677
5	0	0	0	0	560	671
6	0	0	0	0	530	664
7	0	0	0	0	497	657
8	0	0	0	0	466	650
9	0	0	0	0	439	642
10	0	0	0	0	414	635
11	0	0	0	0	395	628
12	0	0	0	0	381	621
13	0	0	0	0	372	614
14	0	0	0	0	370	605
15	0	0	0	0	370	596
0	0	0	0	0	375	588
1	0	0	0	0	383	579
2	0	0	0	0	395	570
3	0	0	0	0	407	562
4	0	0	0	0	419	554
5	0	0	0	0	432	548
6	0	0	0	0	445	542
7	0	0	0	0	456	536
8	0	0	0	0	467	531
9	0	0	0	0	473	526
10	0	0	0	0	481	520
11	0	0	0	0	492	516
12	0	0	0	0	509	511
13	0	0	0	0	540	507
14	0	0	0	0	586	503
15	0	0	0	0	642	499
0	0	0	0	0	705	495
1	0	0	0	0	768	491
2	0	0	0	0	826	487
3	0	0	0	0	872	483
4	0	0	0	0	903	481
5	0	0	0	0	913	477
6	0	0	0	0	904	475
7	0	0	0	0	876	470
8	0	0	0	0	829	468
9	0	0	0	0	771	464
10	0	0	0	0	704	462
11	0	0	0	0	631	459
12	0	0	0	0	559	456
13	0	0	0	0	490	453
14	0	0	0	0	428	450
15	0	0	0	0	374	446
0	0	0	0	0	329	442
1	0	0	0	0	295	438
2	0	0	0	0	277	434
3	0	0	0	0	271	430
4	0	0	0	0	278	427
5	0	0	0	0	298	423
6	0	0	0	0	329	419
7	0	0	0	0	369	416
8	0	0	0	0	414	412
9	0	0	0	0	463	408
10	0	0	0	0	509	405
11	0	0	0	0	550	400
12	0	0	0	0	583	396
13	0	0	0	0	608	392
14	0	0	0	0	622	388
15	0	0	0	0	627	384
0	0	0	0	0	623	379
1	0	0	0	0	610	375
2	0	0	0	0	591	372
3	0	0	0	0	567	368
4	0	0	0	0	538	364
5	0	0	0	0	507	361
6	0	0	0	0	476	357
7	0	0	0	0	448	352
8	0	0	0	0	424	347
9	0	0	0	0	404	343
10	0	0	0	0	390	339
11	0	0	0	0	380	336
12	0	0	0	0	375	332
13	0	0	0	0	372	328
14	0	0	0	0	375	324
15	0	0	0	0	384	319
0	0	0	0	0	394	314
1	0	0	0	0	405	310
2	0	0	0	0	417	306
3	0	0	0	0	428	303
4	0	0	0	0	439	300
5	0	0	0	0	448	299
6	0	0	0	0	456	298
7	0	0	0	0	466	296
8	0	0	0	0	475	295
9	0	0	0	0	489	294
10	0	0	0	0	513	293
11	0	0	0	0	552	292
12	0	0	0	0	605	292
13	0	0	0	0	668	291
14	0	0	0	0	739	291
15	0	0	0	0	811	291
0	0	0	0	0	877	289
1	0	0	0	0	927	291
2	0	0	0	0	937	289
3	0	0	0	0	937	291
4	0	0	0	0	937	292
5	0	0	0	0	930	294
6	0	0	0	0	881	294
7	0	0	0	0	820	295
8	0	0	0	0	750	295
9	0	0	0	0	672	297
10	0	0	0	0	595	299
11	0	0	0	0	523	300
12	0	0	0	0	456	300
13	0	0	0	0	397	300
14	0	0	0	0	349	300
15	0	0	0	0	313	300
0	0	0	0	0	291	300
1	0	0	0	0	283	299
2	0	0	0	0	287	298
3	0	0	0	0	306	297
4	0	0	0	0	338	297
5	0	0	0	0	377	297
6	0	0	0	0	423	296
7	0	0	0	0	468	295
8	0	0	0	0	512	295
9	0	0	0	0	552	294
10	0	0	0	0	584	293
11	0	0	0	0	608	292
12	0	0	0	0	623	291
13	0	0	0	0	626	291
14	0	0	0	0	620	290
15	0	0	0	0	606	290
0	0	0	0	0	585	291
1	0	0	0	0	561	291
2	0	0	0	0	531	290
3	0	0	0	0	502	290
4	0	0	0	0	473	290
5	0	0	0	0	445	289
6	0	0	0	0	421	290
7	0	0	0	0	401	289
8	0	0	0	0	386	288
9	0	0	0	0	376	287
10	0	0	0	0	370	287
11	0	0	0	0	369	288
12	0	0	0	0	372	288
13	0	0	0	0	379	289
14	0	0	0	0	387	288
15	0	0	0	0	399	287
0	0	0	0	0	414	285
1	0	0	0	0	426	284
2	0	0	0	0	438	283
3	0	0	0	0	450	283
4	0	0	0	0	460	283
5	0	0	0	0	467	284
6	0	0	0	0	471	286
7	0	0	0	0	473	287
8	0	0	0	0	477	290
9	0	0	0	0	480	292
10	0	0	0	0	492	293
11	0	0	0	0	519	295
12	0	0	0	0	563	297
13	0	0	0	0	622	299
14	0	0	0	0	691	301
15	0	0	0	0	766	304
0	0	0	0	0	839	307
1	0	0	0	0	902	308
2	0	0	0	0	937	311
3	0	0	0	0	937	314
4	0	0	0	0	937	316
5	0	0	0	0	937	318
6	0	0	0	0	913	319
7	0	0	0	0	857	322
8	0	0	0	0	791	323
9	0	0	0	0	713	326
10	0	0	0	0	634	330
11	0	0	0	0	555	333
12	0	0	0	0	481	335
13	0	0	0	0	414	337
14	0	0	0	0	360	339
15	0	0	0	0	318	340
0	0	0	0	0	290	342
1	0	0	0	0	278	343
2	0	0	0	0	279	344
3	0	0	0	0	294	345
4	0	0	0	0	321	346
5	0	0	0	0	358	347
6	0	0	0	0	402	348
7	0	0	0	0	449	348
8	0	0	0	0	497	349
9	0	0	0	0	540	350
10	0	0	0	0	575	350
11	0	0	0	0	603	351
12	0	0	0	0	620	351
13	0	0	0	0	626	352
14	0	0	0	0	623	352
15	0	0	0	0	607	353
0	0	0	0	0	589	354
1	0	0	0	0	563	354
2	0	0	0	0	532	354
3	0	0	0	0	500	356
4	0	0	0	0	469	356
5	0	0	0	0	438	357
6	0	0	0	0	412	358
7	0	0	0	0	391	358
8	0	0	0	0	375	359
9	0	0	0	0	365	359
10	0	0	0	0	361	360
11	0	0	0	0	360	360
12	0	0	0	0	364	360
13	0	0	0	0	374	361
14	0	0	0	0	385	362
15	0	0	0	0	396	363
0	0	0	0	0	409	363
1	0	0	0	0	420	364
2	0	0	0	0	432	363
3	0	0	0	0	442	362
4	0	0	0	0	452	361
5	0	0	0	0	460	362
6	0	0	0	0	465	363
7	0	0	0	0	468	364
8	0	0	0	0	469	366
9	0	0	0	0	468	369
10	0	0	0	0	465	371
11	0	0	0	0	463	374
12	0	0	0	0	464	376
13	0	0	0	0	477	379
14	0	0	0	0	507	383
15	0	0	0	0	552	385
0	0	0	0	0	614	390
1	0	0	0	0	687	393
2	0	0	0	0	761	397
3	0	0	0	0	834	399
4	0	0	0	0	895	403
5	0	0	0	0	934	406
6	0	0	0	0	937	409
7	0	0	0	0	937	411
8	0	0	0	0	923	415
9	0	0	0	0	880	417
10	0	0	0	0	819	423
11	0	0	0	0	748	427
12	0	0	0	0	670	430
13	0	0	0	0	588	434
14	0	0	0	0	509	438
15	0	0	0	0	437	442
0	0	0	0	0	374	446
1	0	0	0	0	321	449
2	0	0	0	0	282	452
3	0	0	0	0	258	455
4	0	0	0	0	250	459
5	0	0	0	0	257	462
6	0	0	0	0	278	465
7	0	0	0	0	312	469
8	0	0	0	0	353	472
9	0	0	0	0	400	476
10	0	0	0	0	449	479
11	0	0	0	0	498	483
12	0	0	0	0	542	487
13	0	0	0	0	576	491
14	0	0	0	0	600	495
15	0	0	0	0	615	499
0	0	0	0	0	619	503
1	0	0	0	0	613	508
2	0	0	0	0	598	513
3	0	0	0	0	575	518
4	0	0	0	0	548	523
5	0	0	0	0	518	527
6	0	0	0	0	486	532
7	0	0	0	0	455	536
8	0	0	0	0	427	541
9	0	0	0	0	402	546
10	0	0	0	0	382	550
11	0	0	0	0	367	555
12	0	0	0	0	356	559
13	0	0	0	0	350	563
14	0	0	0	0	350	568
15	0	0	0	0	353	572
0	0	0	0	0	359	576
1	0	0	0	0	367	580
2	0	0	0	0	380	584
3	0	0	0	0	392	588
4	0	0	0	0	405	593
5	0	0	0	0	417	598
6	0	0	0	0	429	601
7	0	0	0	0	439	604
8	0	0	0	0	448	606
9	0	0	0	0	457	608
10	0	0	0	0	462	611
11	0	0	0	0	466	615
12	0	0	0	0	468	620
13	0	0	0	0	467	624
14	0	0	0	0	465	630
15	0	0	0	0	461	636
0	0	0	0	0	455	642
1	0	0	0	0	449	647
2	0	0	0	0	447	653
3	0	0	0	0	453	659
4	0	0	0	0	475	665
5	0	0	0	0	516	671
6	0	0	0	0	574	677
7	0	0	0	0	643	683
8	0	0	0	0	719	689
9	0	0	0	0	792	695
10	0	0	0	0	857	701
11	0	0	0	0	903	707
12	0	0	0	0	928	712
13	0	0	0	0	930	718
14	0	0	0	0	910	723
15	0	0	0	0	871	728
0	0	0	0	0	815	733
1	0	0	0	0	747	738
2	0	0	0	0	670	743
3	0	0	0	0	588	747
4	0	0	0	0	509	751
5	0	0	0	0	434	756
6	0	0	0	0	368	760
7	0	0	0	0	313	763
8	0	0	0	0	270	767
9	0	0	0	0	240	769
10	0	0	0	0	224	772
11	0	0	0	0	224	775
12	0	0	0	0	239	778
13	0	0	0	0	265	781
14	0	0	0	0	304	784
15	0	0	0	0	352	786
0	0	0	0	0	405	788
1	0	0	0	0	459	791
2	0	0	0	0	508	793
3	0	0	0	0	553	795
4	0	0	0	0	588	797
5	0	0	0	0	612	798
6	0	0	0	0	625	800
7	0	0	0	0	627	802
8	0	0	0	0	618	803
9	0	0	0	0	600	804
10	0	0	0	0	574	806
11	0	0	0	0	544	807
12	0	0	0	0	512	808
13	0	0	0	0	478	809
14	0	0	0	0	447	810
15	0	0	0	0	418	812
0	0	0	0	0	393	812
1	0	0	0	0	372	814
2	0	0	0	0	357	815
3	0	0	0	0	346	815
4	0	0	0	0	342	815
5	0	0	0	0	342	816
6	0	0	0	0	346	816
7	0	0	0	0	353	816
8	0	0	0	0	364	817
9	0	0	0	0	376	817
10	0	0	0	0	389	816
11	0	0	0	0	402	813
12	0	0	0	0	417	810
13	0	0	0	0	431	808
14	0	0	0	0	443	807
15	0	0	0	0	454	807
0	0	0	0	0	462	807
1	0	0	0	0	469	807
2	0	0	0	0	471	807
3	0	0	0	0	471	808
4	0	0	0	0	470	808
5	0	0	0	0	468	809
6	0	0	0	0	465	809
7	0	0	0	0	467	810
8	0	0	0	0	482	811
9	0	0	0	0	512	812
10	0	0	0	0	556	812
11	0	0	0	0	614	812
12	0	0	0	0	678	812
13	0	0	0	0	743	812
14	0	0	0	0	800	813
15	0	0	0	0	843	813
0	0	0	0	0	871	812
1	0	0	0	0	878	811
2	0	0	0	0	866	809
3	0	0	0	0	835	808
4	0	0	0	0	789	807
5	0	0	0	0	729	806
6	0	0	0	0	660	804
7	0	0	0	0	588	803
8	0	0	0	0	517	801
9	0	0	0	0	448	799
10	0	0	0	0	386	796
11	0	0	0	0	332	794
12	0	0	0	0	289	792
13	0	0	0	0	258	789
14	0	0	0	0	239	786
15	0	0	0	0	232	784
0	0	0	0	0	241	781
1	0	0	0	0	262	779
2	0	0	0	0	293	776
3	0	0	0	0	334	774
4	0	0	0	0	382	771
5	0	0	0	0	435	768
6	0	0	0	0	486	765
7	0	0	0	0	532	763
8	0	0	0	0	571	759
9	0	0	0	0	600	757
10	0	0	0	0	617	754
11	0	0	0	0	624	751
12	0	0	0	0	620	748
13	0	0	0	0	606	745
14	0	0	0	0	585	742
15	0	0	0	0	558	739
0	0	0	0	0	528	736
1	0	0	0	0	496	734
2	0	0	0	0	465	731
3	0	0	0	0	435	728
4	0	0	0	0	411	725
5	0	0	0	0	389	721
6	0	0	0	0	371	718
7	0	0	0	0	359	715
8	0	0	0	0	352	712
9	0	0	0	0	352	709
10	0	0	0	0	353	705
11	0	0	0	0	359	700
12	0	0	0	0	367	695
13	0	0	0	0	379	689
14	0	0	0	0	392	684
15	0	0	0	0	406	679
0	0	0	0	0	419	674
1	0	0	0	0	432	670
2	0	0	0	0	443	665
3	0	0	0	0	451	662
4	0	0	0	0	456	657
5	0	0	0	0	461	653
6	0	0	0	0	465	649
7	0	0	0	0	470	645
8	0	0	0	0	480	641
9	0	0	0	0	504	637
10	0	0	0	0	543	632
11	0	0	0	0	599	628
12	0	0	0	0	662	624
13	0	0	0	0	726	621
14	0	0	0	0	787	617
15	0	0	0	0	838	613
0	0	0	0	0	872	609
1	0	0	0	0	888	605
2	0	0	0	0	886	600
3	0	0	0	0	863	596
4	0	0	0	0	823	592
5	0	0	0	0	767	589
6	0	0	0	0	701	585
7	0	0	0	0	629	581
8	0	0	0	0	556	577
9	0	0	0	0	484	573
10	0	0	0	0	418	569
11	0	0	0	0	360	564
12	0	0	0	0	311	560
13	0	0	0	0	273	556
14	0	0	0	0	248	551
15	0	0	0	0	236	546
0	0	0	0	0	237	542
1	0	0	0	0	252	537
2	0	0	0	0	281	532
3	0	0	0	0	317	527
4	0	0	0	0	363	523
5	0	0	0	0	412	518
6	0	0	0	0	463	513
7	0	0	0	0	512	508
8	0	0	0	0	553	504
9	0	0	0	0	586	499
10	0	0	0	0	610	495
11	0	0	0	0	623	490
12	0	0	0	0	625	486
13	0	0	0	0	617	481
14	0	0	0	0	601	478
15	0	0	0	0	578	474
0	0	0	0	0	551	470
1	0	0	0	0	520	466
2	0	0	0	0	489	462
3	0	0	0	0	460	458
4	0	0	0	0	432	454
5	0	0	0	0	409	449
6	0	0	0	0	390	444
7	0	0	0	0	377	441
8	0	0	0	0	368	437
9	0	0	0	0	360	433
10	0	0	0	0	359	429
11	0	0	0	0	361	424
12	0	0	0	0	369	419
13	0	0	0	0	378	414
14	0	0	0	0	389	409
15	0	0	0	0	402	405
0	0	0	0	0	414	402
1	0	0	0	0	424	399
2	0	0	0	0	434	397
3	0	0	0	0	444	395
4	0	0	0	0	453	394
5	0	0	0	0	461	392
6	0	0	0	0	470	390
7	0	0	0	0	485	389
8	0	0	0	0	513	388
9	0	0	0	0	555	387
10	0	0	0	0	614	387
11	0	0	0	0	681	386
12	0	0	0	0	750	385
13	0	0	0	0	814	385
14	0	0	0	0	869	385
15	0	0	0	0	908	384
0	0	0	0	0	927	383
1	0	0	0	0	925	384
2	0	0	0	0	903	383
3	0	0	0	0	864	384
4	0	0	0	0	808	384
5	0	0	0	0	742	384
6	0	0	0	0	668	385
7	0	0	0	0	593	386
8	0	0	0	0	520	386
9	0	0	0	0	448	386
10	0	0	0	0	387	385
11	0	0	0	0	334	384
12	0	0	0	0	294	383
13	0	0	0	0	265	382
14	0	0	0	0	251	381
15	0	0	0	0	250	380
0	0	0	0	0	262	378
1	0	0	0	0	286	377
2	0	0	0	0	321	376
3	0	0	0	0	365	374
4	0	0	0	0	413	373
5	0	0	0	0	462	371
6	0	0	0	0	509	370
7	0	0	0	0	551	369
8	0	0	0	0	584	367
9	0	0	0	0	608	365
10	0	0	0	0	622	362
11	0	0	0	0	625	362
12	0	0	0	0	619	360
13	0	0	0	0	605	358
14	0	0	0	0	583	356
15	0	0	0	0	557	354
0	0	0	0	0	528	352
1	0	0	0	0	497	351
2	0	0	0	0	469	350
3	0	0	0	0	441	348
4	0	0	0	0	417	345
5	0	0	0	0	396	343
6	0	0	0	0	379	340
7	0	0	0	0	368	338
8	0	0	0	0	362	337
9	0	0	0	0	360	336
10	0	0	0	0	365	335
11	0	0	0	0	370	332
12	0	0	0	0	380	330
13	0	0	0	0	392	327
14	0	0	0	0	405	324
15	0	0	0	0	418	321
0	0	0	0	0	430	320
1	0	0	0	0	442	319
2	0	0	0	0	453	319
3	0	0	0	0	461	319
4	0	0	0	0	468	319
5	0	0	0	0	473	320
6	0	0	0	0	476	320
7	0	0	0	0	483	321
8	0	0	0	0	501	321
9	0	0	0	0	534	322
10	0	0	0	0	583	322
11	0	0	0	0	642	323
12	0	0	0	0	710	324
13	0	0	0	0	776	325
14	0	0	0	0	836	326
15	0	0	0	0	885	326
0	0	0	0	0	916	326
1	0	0	0	0	926	327
2	0	0	0	0	915	329
3	0	0	0	0	886	329
4	0	0	0	0	839	329
5	0	0	0	0	777	331
6	0	0	0	0	707	332
7	0	0	0	0	631	333
8	0	0	0	0	556	335
9	0	0	0	0	483	336
10	0	0	0	0	416	337
11	0	0	0	0	359	337
12	0	0	0	0	313	338
13	0	0	0	0	278	338
14	0	0	0	0	255	338
15	0	0	0	0	251	337
0	0	0	0	0	258	336
1	0	0	0	0	279	336
2	0	0	0	0	312	335
3	0	0	0	0	355	334
4	0	0	0	0	405	334
5	0	0	0	0	456	333
6	0	0	0	0	507	333
7	0	0	0	0	551	332
8	0	0	0	0	587	332
9	0	0	0	0	612	331
10	0	0	0	0	628	330
11	0	0	0	0	633	329
12	0	0	0	0	629	329
13	0	0	0	0	613	329
14	0	0	0	0	592	329
15	0	0	0	0	566	328
0	0	0	0	0	536	328
1	0	0	0	0	503	328
2	0	0	0	0	471	328
3	0	0	0	0	443	328
4	0	0	0	0	419	329
5	0	0	0	0	396	329
6	0	0	0	0	379	328
7	0	0	0	0	366	328
8	0	0	0	0	361	327
9	0	0	0	0	359	327
10	0	0	0	0	362	328
11	0	0	0	0	369	328
12	0	0	0	0	379	329
13	0	0	0	0	391	328
14	0	0	0	0	403	327
15	0	0	0	0	418	326
0	0	0	0	0	431	324
1	0	0	0	0	442	323
2	0	0	0	0	452	323
3	0	0	0	0	462	324
4	0	0	0	0	469	325
5	0	0	0	0	473	327
6	0	0	0	0	474	328
7	0	0	0	0	475	331
8	0	0	0	0	476	333
9	0	0	0	0	481	334
10	0	0	0	0	499	336
11	0	0	0	0	531	338
12	0	0	0	0	579	340
13	0	0	0	0	639	343
14	0	0	0	0	705	344
15	0	0	0	0	768	345
0	0	0	0	0	825	349
1	0	0	0	0	868	351
2	0	0	0	0	895	353
3	0	0	0	0	898	354
4	0	0	0	0	883	354
5	0	0	0	0	847	356
6	0	0	0	0	797	359
7	0	0	0	0	735	362
8	0	0	0	0	668	365
9	0	0	0	0	595	367
10	0	0	0	0	523	370
11	0	0	0	0	454	372
12	0	0	0	0	393	373
13	0	0	0	0	341	375
14	0	0	0	0	299	376
15	0	0	0	0	268	378
0	0	0	0	0	254	380
1	0	0	0	0	254	381
2	0	0	0	0	268	382
3	0	0	0	0	293	384
4	0	0	0	0	331	385
5	0	0	0	0	376	386
6	0	0	0	0	426	387
7	0	0	0	0	476	388
8	0	0	0	0	523	390
9	0	0	0	0	564	391
10	0	0	0	0	595	392
11	0	0	0	0	618	394
12	0	0	0	0	628	395
13	0	0	0	0	628	396
14	0	0	0	0	618	399
15	0	0	0	0	601	400
0	0	0	0	0	579	402
1	0	0	0	0	550	403
2	0	0	0	0	519	405
3	0	0	0	0	487	407
4	0	0	0	0	458	408
5	0	0	0	0	430	411
6	0	0	0	0	406	413
7	0	0	0	0	387	414
8	0	0	0	0	373	416
9	0	0	0	0	364	418
10	0	0	0	0	359	419
11	0	0	0	0	360	420
12	0	0	0	0	366	422
13	0	0	0	0	373	423
14	0	0	0	0	382	425
15	0	0	0	0	395	427
0	0	0	0	0	408	429
1	0	0	0	0	420	429
2	0	0	0	0	432	430
3	0	0	0	0	441	430
4	0	0	0	0	451	431
5	0	0	0	0	458	433
6	0	0	0	0	464	436
7	0	0	0	0	468	439
8	0	0	0	0	471	443
9	0	0	0	0	470	448
10	0	0	0	0	468	452
11	0	0	0	0	467	455
12	0	0	0	0	468	460
13	0	0	0	0	477	465
14	0	0	0	0	503	470
15	0	0	0	0	546	476
0	0	0	0	0	602	481
1	0	0	0	0	666	486
2	0	0	0	0	731	492
3	0	0	0	0	791	499
4	0	0	0	0	839	505
5	0	0	0	0	871	511
6	0	0	0	0	883	517
7	0	0	0	0	875	523
8	0	0	0	0	846	529
9	0	0	0	0	801	534
10	0	0	0	0	744	541
11	0	0	0	0	678	547
12	0	0	0	0	607	554
13	0	0	0	0	533	560
14	0	0	0	0	462	566
15	0	0	0	0	397	571
0	0	0	0	0	341	576
1	0	0	0	0	295	582
2	0	0	0	0	262	587
3	0	0	0	0	242	591
4	0	0	0	0	236	595
5	0	0	0	0	242	600
6	0	0	0	0	263	605
7	0	0	0	0	295	609
8	0	0	0	0	338	613
9	0	0	0	0	387	618
10	0	0	0	0	440	622
11	0	0	0	0	492	626
12	0	0	0	0	538	631
13	0	0	0	0	577	635
14	0	0	0	0	606	639
15	0	0	0	0	623	643
0	0	0	0	0	630	647
1	0	0	0	0	625	651
2	0	0	0	0	612	655
3	0	0	0	0	591	658
4	0	0	0	0	565	662
5	0	0	0	0	534	665
6	0	0	0	0	503	669
7	0	0	0	0	471	672
8	0	0	0	0	440	675
9	0	0	0	0	414	679
10	0	0	0	0	392	682
11	0	0	0	0	375	685
12	0	0	0	0	363	688
13	0	0	0	0	357	691
14	0	0	0	0	354	694
15	0	0	0	0	356	697
0	0	0	0	0	361	699
1	0	0	0	0	371	702
2	0	0	0	0	382	705
3	0	0	0	0	394	707
4	0	0	0	0	408	708
5	0	0	0	0	421	709
6	0	0	0	0	434	709
7	0	0	0	0	447	709
8	0	0	0	0	457	711
9	0	0	0	0	465	712
10	0	0	0	0	473	715
11	0	0	0	0	477	718
12	0	0	0	0	479	721
13	0	0	0	0	479	725
14	0	0	0	0	475	729
15	0	0	0	0	472	733
0	0	0	0	0	470	737
1	0	0	0	0	473	741
2	0	0	0	0	487	744
3	0	0	0	0	519	748
4	0	0	0	0	569	752
5	0	0	0	0	629	756
6	0	0	0	0	693	760
7	0	0	0	0	754	764
8	0	0	0	0	806	768
9	0	0	0	0	843	771
10	0	0	0	0	862	774
11	0	0	0	0	863	778
12	0	0	0	0	843	780
13	0	0	0	0	806	783
14	0	0	0	0	754	786
15	0	0	0	0	692	788
0	0	0	0	0	623	791
1	0	0	0	0	552	793
2	0	0	0	0	483	794
3	0	0	0	0	418	795
4	0	0	0	0	360	797
5	0	0	0	0	312	798
6	0	0	0	0	275	798
7	0	0	0	0	251	799
8	0	0	0	0	239	799
9	0	0	0	0	239	799
10	0	0	0	0	253	799
11	0	0	0	0	280	798
12	0	0	0	0	316	798
13	0	0	0	0	359	797
14	0	0	0	0	411	796
15	0	0	0	0	463	795
0	0	0	0	0	512	794
1	0	0	0	0	556	793
2	0	0	0	0	593	792
3	0	0	0	0	620	791
4	0	0	0	0	635	790
5	0	0	0	0	638	789
6	0	0	0	0	632	787
7	0	0	0	0	615	786
8	0	0	0	0	593	785
9	0	0	0	0	564	783
10	0	0	0	0	534	782
11	0	0	0	0	501	780
12	0	0	0	0	470	779
13	0	0	0	0	439	777
14	0	0	0	0	413	775
15	0	0	0	0	393	774
0	0	0	0	0	379	772
1	0	0	0	0	368	770
2	0	0	0	0	362	768
3	0	0	0	0	361	768
4	0	0	0	0	364	766
5	0	0	0	0	371	763
6	0	0	0	0	380	759
7	0	0	0	0	391	755
8	0	0	0	0	403	750
9	0	0	0	0	415	747
10	0	0	0	0	428	745
11	0	0	0	0	440	742
12	0	0	0	0	450	740
13	0	0	0	0	460	739
14	0	0	0	0	468	737
15	0	0	0	0	473	736
0	0	0	0	0	476	734
1	0	0	0	0	479	733
2	0	0	0	0	483	732
3	0	0	0	0	495	731
4	0	0	0	0	520	730
5	0	0	0	0	558	729
6	0	0	0	0	610	728
7	0	0	0	0	668	728
8	0	0	0	0	727	727
9	0	0	0	0	780	726
10	0	0	0	0	819	726
11	0	0	0	0	845	724
12	0	0	0	0	852	723
13	0	0	0	0	839	721
14	0	0	0	0	810	719
15	0	0	0	0	767	717
0	0	0	0	0	712	716
1	0	0	0	0	648	713
2	0	0	0	0	582	711
3	0	0	0	0	515	708
4	0	0	0	0	452	705
5	0	0	0	0	394	702
6	0	0	0	0	344	699
7	0	0	0	0	304	696
8	0	0	0	0	275	691
9	0	0	0	0	258	688
10	0	0	0	0	252	685
11	0	0	0	0	258	681
12	0	0	0	0	276	676
13	0	0	0	0	305	672
14	0	0	0	0	344	667
15	0	0	0	0	390	662
0	0	0	0	0	440	657
1	0	0	0	0	490	652
2	0	0	0	0	536	647
3	0	0	0	0	577	641
4	0	0	0	0	606	636
5	0	0	0	0	625	630
6	0	0	0	0	634	624
7	0	0	0	0	630	619
8	0	0	0	0	619	613
9	0	0	0	0	600	608
10	0	0	0	0	575	602
11	0	0	0	0	546	596
12	0	0	0	0	515	590
13	0	0	0	0	484	584
14	0	0	0	0	455	578
15	0	0	0	0	428	572
0	0	0	0	0	405	566
1	0	0	0	0	388	560
2	0	0	0	0	375	555
3	0	0	0	0	368	548
4	0	0	0	0	366	541
5	0	0	0	0	368	535
6	0	0	0	0	373	527
7	0	0	0	0	382	519
8	0	0	0	0	393	513
9	0	0	0	0	405	507
10	0	0	0	0	417	502
11	0	0	0	0	429	496
12	0	0	0	0	440	492
13	0	0	0	0	450	487
14	0	0	0	0	459	482
15	0	0	0	0	467	478
0	0	0	0	0	477	474
1	0	0	0	0	489	470
2	0	0	0	0	514	467
3	0	0	0	0	553	464
4	0	0	0	0	606	461
5	0	0	0	0	667	458
6	0	0	0	0	732	455
7	0	0	0	0	794	453
8	0	0	0	0	845	451
9	0	0	0	0	881	448
10	0	0	0	0	900	444
11	0	0	0	0	899	442
12	0	0	0	0	880	441
13	0	0	0	0	841	438
14	0	0	0	0	790	436
15	0	0	0	0	727	435
0	0	0	0	0	658	434
1	0	0	0	0	585	431
2	0	0	0	0	515	429
3	0	0	0	0	449	427
4	0	0	0	0	391	424
5	0	0	0	0	342	422
6	0	0	0	0	302	419
7	0	0	0	0	278	416
8	0	0	0	0	265	413
9	0	0	0	0	263	409
10	0	0	0	0	273	406
11	0	0	0	0	298	402
12	0	0	0	0	333	399
13	0	0	0	0	376	396
14	0	0	0	0	425	392
15	0	0	0	0	475	390
0	0	0	0	0	522	386
1	0	0	0	0	563	383
2	0	0	0	0	596	379
3	0	0	0	0	620	376
4	0	0	0	0	633	371
5	0	0	0	0	635	368
6	0	0	0	0	627	363
7	0	0	0	0	612	359
8	0	0	0	0	590	354
9	0	0	0	0	563	351
10	0	0	0	0	532	347
11	0	0	0	0	503	343
12	0	0	0	0	475	339
13	0	0	0	0	448	335
14	0	0	0	0	424	331
15	0	0	0	0	406	327
0	0	0	0	0	391	325
1	0	0	0	0	382	321
2	0	0	0	0	377	318
3	0	0	0	0	376	314
4	0	0	0	0	381	309
5	0	0	0	0	387	304
6	0	0	0	0	397	299
7	0	0	0	0	407	295
8	0	0	0	0	418	291
9	0	0	0	0	428	288
10	0	0	0	0	440	287
11	0	0	0	0	452	284
12	0	0	0	0	462	283
13	0	0	0	0	470	283
14	0	0	0	0	479	281
15	0	0	0	0	493	280
0	0	0	0	0	519	279
1	0	0	0	0	560	278
2	0	0	0	0	613	276
3	0	0	0	0	676	275
4	0	0	0	0	743	277
5	0	0	0	0	808	277
6	0	0	0	0	866	277
7	0	0	0	0	907	275
8	0	0	0	0	931	275
9	0	0	0	0	935	275
10	0	0	0	0	919	279
11	0	0	0	0	884	278
12	0	0	0	0	835	278
13	0	0	0	0	773	281
14	0	0	0	0	702	281
15	0	0	0	0	628	282
0	0	0	0	0	556	282
1	0	0	0	0	487	283
2	0	0	0	0	423	284
3	0	0	0	0	371	285
4	0	0	0	0	329	286
5	0	0	0	0	300	286
6	0	0	0	0	284	286
7	0	0	0	0	281	286
8	0	0	0	0	293	286
9	0	0	0	0	316	286
10	0	0	0	0	352	286
11	0	0	0	0	394	287
12	0	0	0	0	440	286
13	0	0	0	0	488	286
14	0	0	0	0	533	286
15	0	0	0	0	572	286
0	0	0	0	0	602	286
1	0	0	0	0	622	285
2	0	0	0	0	632	287
3	0	0	0	0	632	286
4	0	0	0	0	622	286
5	0	0	0	0	603	286
6	0	0	0	0	582	287
7	0	0	0	0	555	286
8	0	0	0	0	526	287
9	0	0	0	0	496	287
10	0	0	0	0	467	288
11	0	0	0	0	441	289
12	0	0	0	0	418	289
13	0	0	0	0	400	289
14	0	0	0	0	388	289
15	0	0	0	0	380	289
0	0	0	0	0	376	290
1	0	0	0	0	378	291
2	0	0	0	0	383	292
3	0	0	0	0	390	293
4	0	0	0	0	400	293
5	0	0	0	0	411	292
6	0	0	0	0	424	291
7	0	0	0	0	435	291
8	0	0	0	0	448	290
9	0	0	0	0	460	291
10	0	0	0	0	469	293
11	0	0	0	0	475	295
12	0	0	0	0	481	297
13	0	0	0	0	484	300
14	0	0	0	0	486	302
15	0	0	0	0	491	305
0	0	0	0	0	504	307
1	0	0	0	0	531	309
2	0	0	0	0	573	311
3	0	0	0	0	628	314
4	0	0	0	0	695	318
5	0	0	0	0	764	319
6	0	0	0	0	830	322
7	0	0	0	0	886	326
8	0	0	0	0	923	327
9	0	0	0	0	936	329
10	0	0	0	0	934	330
11	0	0	0	0	910	333
12	0	0	0	0	868	336
13	0	0	0	0	813	339
14	0	0	0	0	745	342
15	0	0	0	0	672	344
0	0	0	0	0	598	348
1	0	0	0	0	525	351
2	0	0	0	0	460	353
3	0	0	0	0	401	355
4	0	0	0	0	354	357
5	0	0	0	0	319	359
6	0	0	0	0	297	360
7	0	0	0	0	289	362
8	0	0	0	0	296	364
9	0	0	0	0	316	364
10	0	0	0	0	346	365
11	0	0	0	0	385	367
12	0	0	0	0	428	368
13	0	0	0	0	475	369
14	0	0	0	0	519	370
15	0	0	0	0	557	371
0	0	0	0	0	589	372
1	0	0	0	0	611	373
2	0	0	0	0	625	375
3	0	0	0	0	628	375
4	0	0	0	0	623	376
5	0	0	0	0	609	377
6	0	0	0	0	588	377
7	0	0	0	0	564	379
8	0	0	0	0	536	379
9	0	0	0	0	506	380
10	0	0	0	0	478	381
11	0	0	0	0	450	382
12	0	0	0	0	426	383
13	0	0	0	0	406	384
14	0	0	0	0	389	385
15	0	0	0	0	379	386
0	0	0	0	0	374	386
1	0	0	0	0	374	387
2	0	0	0	0	376	387
3	0	0	0	0	383	387
4	0	0	0	0	392	388
5	0	0	0	0	403	390
6	0	0	0	0	415	391
7	0	0	0	0	427	391
8	0	0	0	0	440	391
9	0	0	0	0	452	390
10	0	0	0	0	461	390
11	0	0	0	0	470	390
12	0	0	0	0	477	389
13	0	0	0	0	480	390
14	0	0	0	0	481	391
15	0	0	0	0	478	393
0	0	0	0	0	475	396
1	0	0	0	0	469	398
2	0	0	0	0	466	401
3	0	0	0	0	467	403
4	0	0	0	0	477	406
5	0	0	0	0	502	409
6	0	0	0	0	545	412
7	0	0	0	0	601	416
8	0	0	0	0	671	419
9	0	0	0	0	741	423
10	0	0	0	0	812	427
11	0	0	0	0	870	431
12	0	0	0	0	912	433
13	0	0	0	0	932	439
14	0	0	0	0	932	442
15	0	0	0	0	910	447
0	0	0	0	0	869	452
1	0	0	0	0	813	456
2	0	0	0	0	745	462
3	0	0	0	0	670	468
4	0	0	0	0	593	474
5	0	0	0	0	519	480
6	0	0	0	0	451	486
7	0	0	0	0	391	492
8	0	0	0	0	343	497
9	0	0	0	0	305	503
10	0	0	0	0	281	510
11	0	0	0	0	273	516
12	0	0	0	0	278	522
13	0	0	0	0	296	527
14	0	0	0	0	327	534
15	0	0	0	0	368	540
0	0	0	0	0	415	545
1	0	0	0	0	462	551
2	0	0	0	0	508	556
3	0	0	0	0	547	562
4	0	0	0	0	581	567
5	0	0	0	0	604	572
6	0	0	0	0	617	579
7	0	0	0	0	620	584
8	0	0	0	0	612	589
9	0	0	0	0	597	595
10	0	0	0	0	576	600
11	0	0	0	0	547	606
12	0	0	0	0	516	610
13	0	0	0	0	483	615
14	0	0	0	0	451	620
15	0	0	0	0	425	624
0	0	0	0	0	401	629
1	0	0	0	0	381	634
2	0	0	0	0	368	639
3	0	0	0	0	359	644
4	0	0	0	0	355	648
5	0	0	0	0	355	652
6	0	0	0	0	359	656
7	0	0	0	0	368	660
8	0	0	0	0	377	664
9	0	0	0	0	388	669
10	0	0	0	0	401	673
11	0	0	0	0	415	676
12	0	0	0	0	427	678
13	0	0	0	0	439	680
14	0	0	0	0	448	681
15	0	0	0	0	456	683
0	0	0	0	0	462	686
1	0	0	0	0	467	689
2	0	0	0	0	467	694
3	0	0	0	0	467	698
4	0	0	0	0	464	703
5	0	0	0	0	460	707
6	0	0	0	0	455	713
7	0	0	0	0	452	717
8	0	0	0	0	456	722
9	0	0	0	0	471	727
10	0	0	0	0	502	732
11	0	0	0	0	548	737
12	0	0	0	0	608	742
13	0	0	0	0	675	747
14	0	0	0	0	744	752
15	0	0	0	0	808	756
0	0	0	0	0	860	761
1	0	0	0	0	895	766
2	0	0	0	0	908	770
3	0	0	0	0	900	774
4	0	0	0	0	873	778
5	0	0	0	0	828	782
6	0	0	0	0	769	786
7	0	0	0	0	701	790
8	0	0	0	0	628	794
9	0	0	0	0	552	797
10	0	0	0	0	479	800
11	0	0	0	0	414	803
12	0	0	0	0	357	805
13	0	0	0	0	312	807
14	0	0	0	0	278	809
15	0	0	0	0	256	811
0	0	0	0	0	250	812
1	0	0	0	0	255	813
2	0	0	0	0	275	814
3	0	0	0	0	310	815
4	0	0	0	0	352	816
5	0	0	0	0	399	816
6	0	0	0	0	448	816
7	0	0	0	0	496	816
8	0	0	0	0	539	816
9	0	0	0	0	575	816
10	0	0	0	0	600	816
11	0	0	0	0	616	816
12	0	0	0	0	620	814
13	0	0	0	0	612	813
14	0	0	0	0	597	812
15	0	0	0	0	576	811
0	0	0	0	0	550	809
1	0	0	0	0	521	807
2	0	0	0	0	489	805
3	0	0	0	0	461	803
4	0	0	0	0	433	801
5	0	0	0	0	408	799
6	0	0	0	0	388	797
7	0	0	0	0	373	795
8	0	0	0	0	363	792
9	0	0	0	0	357	789
10	0	0	0	0	357	786
11	0	0	0	0	361	784
12	0	0	0	0	368	782
13	0	0	0	0	377	779
14	0	0	0	0	389	775
15	0	0	0	0	404	771
0	0	0	0	0	418	765
1	0	0	0	0	431	760
2	0	0	0	0	444	756
3	0	0	0	0	455	752
4	0	0	0	0	463	749
5	0	0	0	0	471	747
6	0	0	0	0	475	745
7	0	0	0	0	476	743
8	0	0	0	0	475	741
9	0	0	0	0	472	739
10	0	0	0	0	470	738
11	0	0	0	0	474	737
12	0	0	0	0	488	736
13	0	0	0	0	517	736
14	0	0	0	0	559	735
15	0	0	0	0	615	734
0	0	0	0	0	679	733
1	0	0	0	0	743	733
2	0	0	0	0	801	732
3	0	0	0	0	847	732
4	0	0	0	0	878	731
5	0	0	0	0	888	729
6	0	0	0	0	879	728
7	0	0	0	0	853	727
8	0	0	0	0	809	725
9	0	0	0	0	753	724
10	0	0	0	0	687	723
11	0	0	0	0	618	721
12	0	0	0	0	547	720
13	0	0	0	0	477	718
14	0	0	0	0	414	716
15	0	0	0	0	359	713
0	0	0	0	0	314	710
1	0	0	0	0	280	707
2	0	0	0	0	259	704
3	0	0	0	0	255	700
4	0	0	0	0	262	697
5	0	0	0	0	281	694
6	0	0	0	0	313	691
7	0	0	0	0	355	687
8	0	0	0	0	403	684
9	0	0	0	0	451	679
10	0	0	0	0	500	676
11	0	0	0	0	543	671
12	0	0	0	0	578	667
13	0	0	0	0	602	663
14	0	0	0	0	618	658
15	0	0	0	0	621	654
0	0	0	0	0	616	648
1	0	0	0	0	602	644
2	0	0	0	0	581	639
3	0	0	0	0	554	633
4	0	0	0	0	522	628
5	0	0	0	0	491	623
6	0	0	0	0	460	618
7	0	0	0	0	431	612
8	0	0	0	0	405	607
9	0	0	0	0	385	600
10	0	0	0	0	368	594
11	0	0	0	0	358	588
12	0	0	0	0	353	583
13	0	0	0	0	354	577
14	0	0	0	0	359	571
15	0	0	0	0	367	564
0	0	0	0	0	378	557
1	0	0	0	0	391	548
2	0	0	0	0	404	540
3	0	0	0	0	418	533
4	0	0	0	0	431	526
5	0	0	0	0	443	520
6	0	0	0	0	453	514
7	0	0	0	0	462	508
8	0	0	0	0	470	504
9	0	0	0	0	474	498
10	0	0	0	0	477	494
11	0	0	0	0	484	490
12	0	0	0	0	499	486
13	0	0	0	0	529	482
14	0	0	0	0	572	478
15	0	0	0	0	628	475
0	0	0	0	0	692	471
1	0	0	0	0	758	468
2	0	0	0	0	819	464
3	0	0	0	0	869	461
4	0	0	0	0	903	459
5	0	0	0	0	916	455
6	0	0	0	0	907	452
7	0	0	0	0	882	451
8	0	0	0	0	838	448
9	0	0	0	0	780	446
10	0	0	0	0	712	444
11	0	0	0	0	639	443
12	0	0	0	0	565	441
13	0	0	0	0	493	439
14	0	0	0	0	426	437
15	0	0	0	0	369	434
0	0	0	0	0	323	432
1	0	0	0	0	286	430
2	0	0	0	0	262	427
3	0	0	0	0	254	424
4	0	0	0	0	260	422
5	0	0	0	0	279	419
6	0	0	0	0	309	416
7	0	0	0	0	348	414
8	0	0	0	0	395	411
9	0	0	0	0	443	408
10	0	0	0	0	490	405
11	0	0	0	0	531	402
12	0	0	0	0	566	399
13	0	0	0	0	591	396
14	0	0	0	0	607	393
15	0	0	0	0	612	390
0	0	0	0	0	608	387
1	0	0	0	0	595	385
2	0	0	0	0	576	382
3	0	0	0	0	551	380
4	0	0	0	0	523	377
5	0	0	0	0	494	375
6	0	0	0	0	467	374
7	0	0	0	0	441	371
8	0	0	0	0	419	369
9	0	0	0	0	399	366
10	0	0	0	0	384	363
11	0	0	0	0	374	361
12	0	0	0	0	368	359
13	0	0	0	0	365	357
14	0	0	0	0	366	355
15	0	0	0	0	371	352
0	0	0	0	0	379	349
1	0	0	0	0	389	346
2	0	0	0	0	401	343
3	0	0	0	0	413	340
4	0	0	0	0	424	339
5	0	0	0	0	435	338
6	0	0	0	0	444	338
7	0	0	0	0	451	337
8	0	0	0	0	457	338
9	0	0	0	0	460	339
10	0	0	0	0	465	339
11	0	0	0	0	476	339
12	0	0	0	0	501	340
13	0	0	0	0	540	341
14	0	0	0	0	595	342
15	0	0	0	0	660	343
0	0	0	0	0	732	344
1	0	0	0	0	801	346
2	0	0	0	0	862	345
3	0	0	0	0	906	348
4	0	0	0	0	930	350
5	0	0	0	0	932	350
6	0	0	0	0	915	351
7	0	0	0	0	878	353
8	0	0	0	0	824	355
9	0	0	0	0	758	357
10	0	0	0	0	685	361
11	0	0	0	0	608	364
12	0	0	0	0	532	365
13	0	0	0	0	460	367
14	0	0	0	0	396	368
15	0	0	0	0	341	369
0	0	0	0	0	300	371
1	0	0	0	0	270	371
2	0	0	0	0	256	372
3	0	0	0	0	255	372
4	0	0	0	0	269	372
5	0	0	0	0	294	372
6	0	0	0	0	331	372
7	0	0	0	0	375	371
8	0	0	0	0	423	371
9	0	0	0	0	472	370
10	0	0	0	0	516	369
11	0	0	0	0	556	368
12	0	0	0	0	585	367
13	0	0	0	0	604	367
14	0	0	0	0	614	366
15	0	0	0	0	614	364
0	0	0	0	0	605	364
1	0	0	0	0	588	362
2	0	0	0	0	566	361
3	0	0	0	0	541	360
4	0	0	0	0	512	359
5	0	0	0	0	480	357
6	0	0	0	0	451	357
7	0	0	0	0	425	356
8	0	0	0	0	402	355
9	0	0	0	0	383	353
10	0	0	0	0	371	352
11	0	0	0	0	363	350
12	0	0	0	0	360	350
13	0	0	0	0	360	349
14	0	0	0	0	364	349
15	0	0	0	0	371	348
0	0	0	0	0	381	347
1	0	0	0	0	392	345
2	0	0	0	0	404	343
3	0	0	0	0	417	341
4	0	0	0	0	429	339
5	0	0	0	0	439	339
6	0	0	0	0	447	339
7	0	0	0	0	455	339
8	0	0	0	0	461	340
9	0	0	0	0	464	342
10	0	0	0	0	467	343
11	0	0	0	0	473	344
12	0	0	0	0	487	346
13	0	0	0	0	515	348
14	0	0	0	0	559	349
15	0	0	0	0	617	351
0	0	0	0	0	687	353
1	0	0	0	0	758	356
2	0	0	0	0	825	356
3	0	0	0	0	881	360
4	0	0	0	0	919	360
5	0	0	0	0	933	363
6	0	0	0	0	927	366
7	0	0	0	0	900	368
8	0	0	0	0	854	369
9	0	0	0	0	793	373
10	0	0	0	0	721	375
11	0	0	0	0	645	379
12	0	0	0	0	565	381
13	0	0	0	0	489	384
14	0	0	0	0	419	387
15	0	0	0	0	358	389
0	0	0	0	0	308	391
1	0	0	0	0	272	392
2	0	0	0	0	249	394
3	0	0	0	0	242	396
4	0	0	0	0	250	397
5	0	0	0	0	271	399
6	0	0	0	0	304	400
7	0	0	0	0	348	401
8	0	0	0	0	398	403
9	0	0	0	0	450	404
10	0	0	0	0	501	406
11	0	0	0	0	546	407
12	0	0	0	0	583	408
13	0	0	0	0	609	409
14	0	0	0	0	624	411
15	0	0	0	0	630	412
0	0	0	0	0	623	412
1	0	0	0	0	607	414
2	0	0	0	0	586	415
3	0	0	0	0	559	416
4	0	0	0	0	530	417
5	0	0	0	0	496	419
6	0	0	0	0	463	420
7	0	0	0	0	433	421
8	0	0	0	0	408	423
9	0	0	0	0	385	424
10	0	0	0	0	369	425
11	0	0	0	0	359	425
12	0	0	0	0	354	427
13	0	0	0	0	353	429
14	0	0	0	0	357	431
15	0	0	0	0	366	433
0	0	0	0	0	376	435
1	0	0	0	0	387	435
2	0	0	0	0	398	435
3	0	0	0	0	412	436
4	0	0	0	0	425	438
5	0	0	0	0	439	439
6	0	0	0	0	448	442
7	0	0	0	0	457	445
8	0	0	0	0	463	449
9	0	0	0	0	466	453
10	0	0	0	0	467	458
11	0	0	0	0	468	462
12	0	0	0	0	472	466
13	0	0	0	0	485	471
14	0	0	0	0	512	476
15	0	0	0	0	556	481
0	0	0	0	0	613	487
1	0	0	0	0	678	493
2	0	0	0	0	746	498
3	0	0	0	0	812	504
4	0	0	0	0	864	510
5	0	0	0	0	898	516
6	0	0	0	0	912	521
7	0	0	0	0	904	527
8	0	0	0	0	874	533
9	0	0	0	0	827	538
10	0	0	0	0	766	544
11	0	0	0	0	696	550
12	0	0	0	0	619	556
13	0	0	0	0	542	561
14	0	0	0	0	468	567
15	0	0	0	0	402	572
0	0	0	0	0	344	577
1	0	0	0	0	295	582
2	0	0	0	0	260	586
3	0	0	0	0	239	591
4	0	0	0	0	233	596
5	0	0	0	0	240	600
6	0	0	0	0	263	604
7	0	0	0	0	298	608
8	0	0	0	0	342	612
9	0	0	0	0	393	616
10	0	0	0	0	444	621
11	0	0	0	0	495	624
12	0	0	0	0	541	628
13	0	0	0	0	577	632
14	0	0	0	0	603	636
15	0	0	0	0	619	640
0	0	0	0	0	624	644
1	0	0	0	0	619	647
2	0	0	0	0	603	651
3	0	0	0	0	582	655
4	0	0	0	0	556	658
5	0	0	0	0	525	662
6	0	0	0	0	494	665
7	0	0	0	0	462	669
8	0	0	0	0	433	673
9	0	0	0	0	406	676
10	0	0	0	0	385	679
11	0	0	0	0	370	683
12	0	0	0	0	359	685
13	0	0	0	0	353	688
14	0	0	0	0	352	691
15	0	0	0	0	356	695
0	0	0	0	0	364	698
1	0	0	0	0	374	700
2	0	0	0	0	383	701
3	0	0	0	0	395	702
4	0	0	0	0	408	702
5	0	0	0	0	419	704
6	0	0	0	0	430	705
7	0	0	0	0	441	708
8	0	0	0	0	451	711
9	0	0	0	0	459	713
10	0	0	0	0	463	716
11	0	0	0	0	466	719
12	0	0	0	0	467	722
13	0	0	0	0	467	724
14	0	0	0	0	472	726
15	0	0	0	0	487	727
0	0	0	0	0	517	728
1	0	0	0	0	564	728
2	0	0	0	0	619	728
3	0	0	0	0	684	727
4	0	0	0	0	749	726
5	0	0	0	0	807	724
6	0	0	0	0	852	722
7	0	0	0	0	881	720
8	0	0	0	0	890	717
9	0	0	0	0	879	714
10	0	0	0	0	848	711
11	0	0	0	0	801	709
12	0	0	0	0	742	706
13	0	0	0	0	673	703
14	0	0	0	0	601	700
15	0	0	0	0	528	696
0	0	0	0	0	457	693
1	0	0	0	0	392	689
2	0	0	0	0	338	686
3	0	0	0	0	295	683
4	0	0	0	0	264	679
5	0	0	0	0	246	676
6	0	0	0	0	245	673
7	0	0	0	0	258	671
8	0	0	0	0	284	668
9	0	0	0	0	321	665
10	0	0	0	0	367	663
11	0	0	0	0	419	660
12	0	0	0	0	471	658
13	0	0	0	0	519	656
14	0	0	0	0	561	654
15	0	0	0	0	595	652
0	0	0	0	0	619	651
1	0	0	0	0	630	649
2	0	0	0	0	631	647
3	0	0	0	0	623	646
4	0	0	0	0	606	645
5	0	0	0	0	581	644
6	0	0	0	0	551	643
7	0	0	0	0	521	642
8	0	0	0	0	489	641
9	0	0	0	0	457	640
10	0	0	0	0	428	639
11	0	0	0	0	404	638
12	0	0	0	0	384	637
13	0	0	0	0	368	636
14	0	0	0	0	357	637
15	0	0	0	0	352	637
0	0	0	0	0	354	638
1	0	0	0	0	356	637
2	0	0	0	0	364	636
3	0	0	0	0	375	635
4	0	0	0	0	388	633
5	0	0	0	0	401	632
6	0	0	0	0	414	633
7	0	0	0	0	428	634
8	0	0	0	0	440	636
9	0	0	0	0	451	639
10	0	0	0	0	459	642
11	0	0	0	0	465	645
12	0	0	0	0	470	648
13	0	0	0	0	475	652
14	0	0	0	0	486	656
15	0	0	0	0	505	659
0	0	0	0	0	541	664
1	0	0	0	0	590	668
2	0	0	0	0	648	672
3	0	0	0	0	712	676
4	0	0	0	0	773	680
5	0	0	0	0	827	685
6	0	0	0	0	869	689
7	0	0	0	0	892	693
8	0	0	0	0	895	697
9	0	0	0	0	876	701
10	0	0	0	0	841	705
11	0	0	0	0	790	708
12	0	0	0	0	726	712
13	0	0	0	0	655	716
14	0	0	0	0	581	719
15	0	0	0	0	509	722
0	0	0	0	0	440	724
1	0	0	0	0	379	726
2	0	0	0	0	327	728
3	0	0	0	0	286	730
4	0	0	0	0	258	732
5	0	0	0	0	243	733
6	0	0	0	0	242	734
7	0	0	0	0	255	736
8	0	0	0	0	281	737
9	0	0	0	0	319	738
10	0	0	0	0	365	739
11	0	0	0	0	419	740
12	0	0	0	0	473	741
13	0	0	0	0	523	742
14	0	0	0	0	565	743
15	0	0	0	0	599	743
0	0	0	0	0	622	744
1	0	0	0	0	631	744
2	0	0	0	0	632	744
3	0	0	0	0	625	744
4	0	0	0	0	610	744
5	0	0	0	0	587	744
6	0	0	0	0	558	744
7	0	0	0	0	527	744
8	0	0	0	0	496	744
9	0	0	0	0	464	744
10	0	0	0	0	435	744
11	0	0	0	0	410	743
12	0	0	0	0	388	743
13	0	0	0	0	371	743
14	0	0	0	0	360	743
15	0	0	0	0	356	743
0	0	0	0	0	358	742
1	0	0	0	0	363	739
2	0	0	0	0	371	735
3	0	0	0	0	381	731
4	0	0	0	0	394	727
5	0	0	0	0	408	724
6	0	0	0	0	421	722
7	0	0	0	0	433	720
8	0	0	0	0	447	719
9	0	0	0	0	456	717
10	0	0	0	0	463	715
11	0	0	0	0	468	714
12	0	0	0	0	472	713
13	0	0	0	0	476	712
14	0	0	0	0	485	711
15	0	0	0	0	504	710
0	0	0	0	0	537	709
1	0	0	0	0	585	708
2	0	0	0	0	643	708
3	0	0	0	0	706	707
4	0	0	0	0	768	706
5	0	0	0	0	822	706
6	0	0	0	0	863	705
7	0	0	0	0	887	704
8	0	0	0	0	890	703
9	0	0	0	0	875	702
10	0	0	0	0	840	700
11	0	0	0	0	791	699
12	0	0	0	0	731	698
13	0	0	0	0	662	697
14	0	0	0	0	589	695
15	0	0	0	0	517	693
0	0	0	0	0	449	691
1	0	0	0	0	387	689
2	0	0	0	0	335	687
3	0	0	0	0	291	684
4	0	0	0	0	263	682
5	0	0	0	0	246	679
6	0	0	0	0	243	677
7	0	0	0	0	255	674
8	0	0	0	0	283	672
9	0	0	0	0	320	669
10	0	0	0	0	368	666
11	0	0	0	0	420	663
12	0	0	0	0	473	660
13	0	0	0	0	524	658
14	0	0	0	0	568	655
15	0	0	0	0	601	652
0	0	0	0	0	627	649
1	0	0	0	0	639	646
2	0	0	0	0	642	643
3	0	0	0	0	632	640
4	0	0	0	0	616	637
5	0	0	0	0	592	634
6	0	0	0	0	562	631
7	0	0	0	0	529	627
8	0	0	0	0	496	625
9	0	0	0	0	465	621
10	0	0	0	0	434	617
11	0	0	0	0	408	613
12	0	0	0	0	388	608
13	0	0	0	0	375	604
14	0	0	0	0	365	600
15	0	0	0	0	360	595
0	0	0	0	0	362	589
1	0	0	0	0	368	582
2	0	0	0	0	376	574
3	0	0	0	0	386	566
4	0	0	0	0	398	558
5	0	0	0	0	411	550
6	0	0	0	0	423	543
7	0	0	0	0	436	535
8	0	0	0	0	448	527
9	0	0	0	0	456	520
10	0	0	0	0	463	512
11	0	0	0	0	471	504
12	0	0	0	0	479	497
13	0	0	0	0	493	490
14	0	0	0	0	518	483
15	0	0	0	0	558	477
0	0	0	0	0	610	470
1	0	0	0	0	673	464
2	0	0	0	0	741	458
3	0	0	0	0	807	452
4	0	0	0	0	864	447
5	0	0	0	0	905	441
6	0	0	0	0	927	437
7	0	0	0	0	928	432
8	0	0	0	0	910	427
9	0	0	0	0	871	423
10	0	0	0	0	817	419
11	0	0	0	0	751	416
12	0	0	0	0	676	411
13	0	0	0	0	600	407
14	0	0	0	0	526	403
15	0	0	0	0	458	398
0	0	0	0	0	397	393
1	0	0	0	0	343	389
2	0	0	0	0	303	384
3	0	0	0	0	275	380
4	0	0	0	0	261	376
5	0	0	0	0	261	372
6	0	0	0	0	275	368
7	0	0	0	0	303	364
8	0	0	0	0	343	359
9	0	0	0	0	390	354
10	0	0	0	0	441	350
11	0	0	0	0	491	345
12	0	0	0	0	538	341
13	0	0	0	0	578	337
14	0	0	0	0	608	332
15	0	0	0	0	627	328
0	0	0	0	0	636	324
1	0	0	0	0	635	321
2	0	0	0	0	623	317
3	0	0	0	0	604	314
4	0	0	0	0	579	310
5	0	0	0	0	551	307
6	0	0	0	0	520	304
7	0	0	0	0	489	300
8	0	0	0	0	459	297
9	0	0	0	0	432	292
10	0	0	0	0	409	288
11	0	0	0	0	392	285
12	0	0	0	0	379	282
13	0	0	0	0	371	280
14	0	0	0	0	369	277
15	0	0	0	0	369	274
0	0	0	0	0	374	271
1	0	0	0	0	382	267
2	0	0	0	0	392	264
3	0	0	0	0	404	260
4	0	0	0	0	417	257
5	0	0	0	0	427	255
6	0	0	0	0	437	255
7	0	0	0	0	447	254
8	0	0	0	0	455	255
9	0	0	0	0	460	255
10	0	0	0	0	465	256
11	0	0	0	0	476	257
12	0	0	0	0	496	258
13	0	0	0	0	531	259
14	0	0	0	0	581	262
15	0	0	0	0	643	263
0	0	0	0	0	715	265
1	0	0	0	0	789	265
2	0	0	0	0	858	267
3	0	0	0	0	915	270
4	0	0	0	0	937	270
5	0	0	0	0	937	273
6	0	0	0	0	937	275
7	0	0	0	0	937	275
8	0	0	0	0	900	280
9	0	0	0	0	841	280
10	0	0	0	0	771	286
11	0	0	0	0	693	286
12	0	0	0	0	611	289
13	0	0	0	0	532	291
14	0	0	0	0	458	293
15	0	0	0	0	393	294
0	0	0	0	0	339	295
1	0	0	0	0	299	296
2	0	0	0	0	275	297
3	0	0	0	0	264	298
4	0	0	0	0	270	298
5	0	0	0	0	289	298
6	0	0	0	0	322	298
7	0	0	0	0	364	298
8	0	0	0	0	412	298
9	0	0	0	0	461	298
10	0	0	0	0	509	298
11	0	0	0	0	553	298
12	0	0	0	0	590	298
13	0	0	0	0	617	297
14	0	0	0	0	634	299
15	0	0	0	0	641	299
0	0	0	0	0	636	298
1	0	0	0	0	621	298
2	0	0	0	0	602	297
3	0	0	0	0	576	298
4	0	0	0	0	546	297
5	0	0	0	0	517	298
6	0	0	0	0	487	297
7	0	0	0	0	460	299
8	0	0	0	0	435	299
9	0	0	0	0	415	300
10	0	0	0	0	400	300
11	0	0	0	0	390	300
12	0	0	0	0	383	300
13	0	0	0	0	382	302
14	0	0	0	0	384	303
15	0	0	0	0	391	304
0	0	0	0	0	399	305
1	0	0	0	0	408	305
2	0	0	0	0	418	305
3	0	0	0	0	428	305
4	0	0	0	0	437	305
5	0	0	0	0	444	306
6	0	0	0	0	452	307
7	0	0	0	0	457	308
8	0	0	0	0	460	310
9	0	0	0	0	461	313
10	0	0	0	0	462	315
11	0	0	0	0	463	318
12	0	0	0	0	470	320
13	0	0	0	0	487	323
14	0	0	0	0	523	325
15	0	0	0	0	574	327
0	0	0	0	0	639	329
1	0	0	0	0	713	332
2	0	0	0	0	792	335
3	0	0	0	0	864	338
4	0	0	0	0	921	342
5	0	0	0	0	937	342
6	0	0	0	0	937	344
7	0	0	0	0	937	348
8	0	0	0	0	937	348
9	0	0	0	0	893	350
10	0	0	0	0	832	352
11	0	0	0	0	759	354
12	0	0	0	0	679	358
13	0	0	0	0	598	359
14	0	0	0	0	520	361
15	0	0	0	0	449	363
0	0	0	0	0	384	364
1	0	0	0	0	332	365
2	0	0	0	0	294	366
3	0	0	0	0	272	367
4	0	0	0	0	265	368
5	0	0	0	0	275	369
6	0	0	0	0	299	370
7	0	0	0	0	334	371
8	0	0	0	0	377	371
9	0	0	0	0	426	372
10	0	0	0	0	476	372
11	0	0	0	0	523	372
12	0	0	0	0	565	373
13	0	0	0	0	598	373
14	0	0	0	0	621	373
15	0	0	0	0	633	374
0	0	0	0	0	634	374
1	0	0	0	0	625	373
2	0	0	0	0	607	374
3	0	0	0	0	585	374
4	0	0	0	0	558	374
5	0	0	0	0	527	374
6	0	0	0	0	498	375
7	0	0	0	0	467	375
8	0	0	0	0	439	376
9	0	0	0	0	415	376
10	0	0	0	0	398	377
11	0	0	0	0	384	377
12	0	0	0	0	375	377
13	0	0	0	0	373	377
14	0	0	0	0	374	378
15	0	0	0	0	378	379
0	0	0	0	0	385	380
1	0	0	0	0	393	382
2	0	0	0	0	404	383
3	0	0	0	0	413	383
4	0	0	0	0	423	383
5	0	0	0	0	433	382
6	0	0	0	0	441	383
7	0	0	0	0	447	383
8	0	0	0	0	453	384
9	0	0	0	0	455	385
10	0	0	0	0	456	387
11	0	0	0	0	455	389
12	0	0	0	0	455	391
13	0	0	0	0	455	393
14	0	0	0	0	460	395
15	0	0	0	0	474	397
0	0	0	0	0	506	399
1	0	0	0	0	554	401
2	0	0	0	0	617	403
3	0	0	0	0	692	406
4	0	0	0	0	771	408
5	0	0	0	0	845	409
6	0	0	0	0	906	412
7	0	0	0	0	937	412
8	0	0	0	0	937	416
9	0	0	0	0	937	416
10	0	0	0	0	936	418
11	0	0	0	0	894	419
12	0	0	0	0	834	422
13	0	0	0	0	761	424
14	0	0	0	0	681	425
15	0	0	0	0	600	428
0	0	0	0	0	521	429
1	0	0	0	0	446	431
2	0	0	0	0	380	432
3	0	0	0	0	327	433
4	0	0	0	0	288	435
5	0	0	0	0	264	436
6	0	0	0	0	255	438
7	0	0	0	0	263	439
8	0	0	0	0	287	439
9	0	0	0	0	322	440
10	0	0	0	0	368	440
11	0	0	0	0	419	440
12	0	0	0	0	472	441
13	0	0	0	0	522	441
14	0	0	0	0	565	441
15	0	0	0	0	600	441
0	0	0	0	0	624	442
1	0	0	0	0	635	441
2	0	0	0	0	638	442
3	0	0	0	0	629	442
4	0	0	0	0	612	442
5	0	0	0	0	587	443
6	0	0	0	0	558	443
7	0	0	0	0	526	443
8	0	0	0	0	493	443
9	0	0	0	0	460	443
10	0	0	0	0	430	444
11	0	0	0	0	403	445
12	0	0	0	0	381	445
13	0	0	0	0	365	446
14	0	0	0	0	355	446
15	0	0	0	0	351	446
0	0	0	0	0	351	445
1	0	0	0	0	357	446
2	0	0	0	0	365	447
3	0	0	0	0	374	448
4	0	0	0	0	386	448
5	0	0	0	0	398	448
6	0	0	0	0	410	447
7	0	0	0	0	422	446
8	0	0	0	0	433	445
9	0	0	0	0	442	445
10	0	0	0	0	449	446
11	0	0	0	0	453	446
12	0	0	0	0	455	448
13	0	0	0	0	455	449
14	0	0	0	0	454	451
15	0	0	0	0	453	452
0	0	0	0	0	455	454
1	0	0	0	0	463	455
2	0	0	0	0	486	457
3	0	0	0	0	528	459
4	0	0	0	0	586	461
5	0	0	0	0	655	463
6	0	0	0	0	732	465
7	0	0	0	0	807	466
8	0	0	0	0	873	467
9	0	0	0	0	921	469
10	0	0	0	0	937	471
11	0	0	0	0	937	471
12	0	0	0	0	936	472
13	0	0	0	0	896	473
14	0	0	0	0	840	474
15	0	0	0	0	771	476
0	0	0	0	0	696	478
1	0	0	0	0	612	479
2	0	0	0	0	533	481
3	0	0	0	0	457	482
4	0	0	0	0	387	483
5	0	0	0	0	329	484
6	0	0	0	0	284	484
7	0	0	0	0	255	486
8	0	0	0	0	243	486
9	0	0	0	0	245	487
10	0	0	0	0	264	487
11	0	0	0	0	296	487
12	0	0	0	0	338	487
13	0	0	0	0	386	488
14	0	0	0	0	439	488
15	0	0	0	0	489	488
0	0	0	0	0	534	489
1	0	0	0	0	571	489
2	0	0	0	0	598	489
3	0	0	0	0	612	488
4	0	0	0	0	617	488
5	0	0	0	0	612	488
6	0	0	0	0	597	487
7	0	0	0	0	574	486
8	0	0	0	0	546	485
9	0	0	0	0	515	484
10	0	0	0	0	482	483
11	0	0	0	0	448	481
12	0	0	0	0	417	480
13	0	0	0	0	390	479
14	0	0	0	0	368	477
15	0	0	0	0	352	477
0	0	0	0	0	342	475
1	0	0	0	0	336	473
2	0	0	0	0	335	471
3	0	0	0	0	340	470
4	0	0	0	0	349	469
5	0	0	0	0	359	467
6	0	0	0	0	373	466
7	0	0	0	0	386	464
8	0	0	0	0	402	462
9	0	0	0	0	415	459
10	0	0	0	0	428	457
11	0	0	0	0	440	456
12	0	0	0	0	450	456
13	0	0	0	0	459	457
14	0	0	0	0	463	459
15	0	0	0	0	466	460
0	0	0	0	0	467	462
1	0	0	0	0	465	464
2	0	0	0	0	466	467
3	0	0	0	0	474	469
4	0	0	0	0	493	471
5	0	0	0	0	528	474
6	0	0	0	0	581	477
7	0	0	0	0	645	479
8	0	0	0	0	716	482
9	0	0	0	0	785	485
10	0	0	0	0	846	489
11	0	0	0	0	892	492
12	0	0	0	0	918	495
13	0	0	0	0	921	498
14	0	0	0	0	903	502
15	0	0	0	0	864	504
0	0	0	0	0	808	508
1	0	0	0	0	740	512
2	0	0	0	0	663	516
3	0	0	0	0	583	520
4	0	0	0	0	505	524
5	0	0	0	0	433	528
6	0	0	0	0	368	532
7	0	0	0	0	313	536
8	0	0	0	0	272	540
9	0	0	0	0	243	544
10	0	0	0	0	229	549
11	0	0	0	0	230	553
12	0	0	0	0	247	559
13	0	0	0	0	277	563
14	0	0	0	0	318	568
15	0	0	0	0	366	574
0	0	0	0	0	417	579
1	0	0	0	0	466	584
2	0	0	0	0	511	589
3	0	0	0	0	548	594
4	0	0	0	0	577	600
5	0	0	0	0	595	605
6	0	0	0	0	602	610
7	0	0	0	0	599	615
8	0	0	0	0	587	620
9	0	0	0	0	568	625
10	0	0	0	0	543	631
11	0	0	0	0	515	635
12	0	0	0	0	486	640
13	0	0	0	0	455	645
14	0	0	0	0	427	650
15	0	0	0	0	401	655
0	0	0	0	0	379	659
1	0	0	0	0	361	664
2	0	0	0	0	348	669
3	0	0	0	0	341	673
4	0	0	0	0	339	677
5	0	0	0	0	339	681
6	0	0	0	0	344	686
7	0	0	0	0	352	689
8	0	0	0	0	363	693
9	0	0	0	0	375	697
10	0	0	0	0	387	699
11	0	0	0	0	400	701
12	0	0	0	0	412	704
13	0	0	0	0	423	706
14	0	0	0	0	432	708
15	0	0	0	0	440	712
0	0	0	0	0	447	716
1	0	0	0	0	451	720
2	0	0	0	0	452	725
3	0	0	0	0	453	730
4	0	0	0	0	451	734
5	0	0	0	0	449	739
6	0	0	0	0	452	744
7	0	0	0	0	466	749
8	0	0	0	0	495	753
9	0	0	0	0	541	758
10	0	0	0	0	602	762
11	0	0	0	0	671	766
12	0	0	0	0	739	771
13	0	0	0	0	801	775
14	0	0	0	0	852	780
15	0	0	0	0	886	784
0	0	0	0	0	899	787
1	0	0	0	0	891	791
2	0	0	0	0	862	794
3	0	0	0	0	816	797
4	0	0	0	0	755	801
5	0	0	0	0	686	804
6	0	0	0	0	610	807
7	0	0	0	0	533	809
8	0	0	0	0	457	811
9	0	0	0	0	389	813
10	0	0	0	0	331	814
11	0	0	0	0	284	815
12	0	0	0	0	249	816
13	0	0	0	0	226	816
14	0	0	0	0	219	816
15	0	0	0	0	225	816
0	0	0	0	0	246	815
1	0	0	0	0	277	814
2	0	0	0	0	320	812
3	0	0	0	0	371	810
4	0	0	0	0	424	808
5	0	0	0	0	477	807
6	0	0	0	0	525	804
7	0	0	0	0	565	802
8	0	0	0	0	595	800
9	0	0	0	0	612	797
10	0	0	0	0	620	795
11	0	0	0	0	616	792
12	0	0	0	0	603	790
13	0	0	0	0	582	787
14	0	0	0	0	556	784
15	0	0	0	0	526	781
0	0	0	0	0	495	778
1	0	0	0	0	464	775
2	0	0	0	0	433	772
3	0	0	0	0	407	768
4	0	0	0	0	385	764
5	0	0	0	0	366	760
6	0	0	0	0	354	757
7	0	0	0	0	348	753
8	0	0	0	0	345	750
9	0	0	0	0	345	747
10	0	0	0	0	352	743
11	0	0	0	0	360	738
12	0	0	0	0	370	733
13	0	0	0	0	380	727
14	0	0	0	0	393	721
15	0	0	0	0	407	716
0	0	0	0	0	420	711
1	0	0	0	0	431	707
2	0	0	0	0	441	703
3	0	0	0	0	450	700
4	0	0	0	0	457	696
5	0	0	0	0	460	694
6	0	0	0	0	462	691
7	0	0	0	0	464	687
8	0	0	0	0	471	684
9	0	0	0	0	489	680
10	0	0	0	0	523	677
11	0	0	0	0	573	674
12	0	0	0	0	632	671
13	0	0	0	0	696	667
14	0	0	0	0	759	664
15	0	0	0	0	816	660
0	0	0	0	0	857	655
1	0	0	0	0	881	651
2	0	0	0	0	884	646
3	0	0	0	0	868	640
4	0	0	0	0	833	635
5	0	0	0	0	781	630
6	0	0	0	0	719	624
7	0	0	0	0	648	618
8	0	0	0	0	575	612
9	0	0	0	0	502	605
10	0	0	0	0	433	598
11	0	0	0	0	373	590
12	0	0	0	0	321	582
13	0	0	0	0	281	575
14	0	0	0	0	252	567
15	0	0	0	0	236	559
0	0	0	0	0	235	551
1	0	0	0	0	248	544
2	0	0	0	0	274	536
3	0	0	0	0	312	528
4	0	0	0	0	359	521
5	0	0	0	0	410	513
6	0	0	0	0	462	506
7	0	0	0	0	510	498
8	0	0	0	0	553	491
9	0	0	0	0	586	484
10	0	0	0	0	610	477
11	0	0	0	0	622	470
12	0	0	0	0	625	464
13	0	0	0	0	616	457
14	0	0	0	0	599	452
15	0	0	0	0	577	447
0	0	0	0	0	550	441
1	0	0	0	0	519	436
2	0	0	0	0	488	431
3	0	0	0	0	457	427
4	0	0	0	0	431	422
5	0	0	0	0	405	416
6	0	0	0	0	385	411
7	0	0	0	0	369	407
8	0	0	0	0	359	403
9	0	0	0	0	353	399
10	0	0	0	0	352	396
11	0	0	0	0	355	391
12	0	0	0	0	364	388
13	0	0	0	0	372	383
14	0	0	0	0	384	378
15	0	0	0	0	396	375
0	0	0	0	0	408	371
1	0	0	0	0	420	369
2	0	0	0	0	430	367
3	0	0	0	0	440	366
4	0	0	0	0	449	365
5	0	0	0	0	456	364
6	0	0	0	0	464	363
7	0	0	0	0	475	363
8	0	0	0	0	494	362
9	0	0	0	0	528	362
10	0	0	0	0	578	362
11	0	0	0	0	638	362
12	0	0	0	0	704	363
13	0	0	0	0	769	364
14	0	0	0	0	828	363
15	0	0	0	0	873	366
0	0	0	0	0	900	364
1	0	0	0	0	906	365
2	0	0	0	0	893	368
3	0	0	0	0	860	368
4	0	0	0	0	812	370
5	0	0	0	0	751	370
6	0	0	0	0	680	374
7	0	0	0	0	606	375
8	0	0	0	0	531	376
9	0	0	0	0	460	377
10	0	0	0	0	396	378
11	0	0	0	0	341	379
12	0	0	0	0	297	380
13	0	0	0	0	266	381
14	0	0	0	0	248	381
15	0	0	0	0	244	381
0	0	0	0	0	254	382
1	0	0	0	0	277	382
2	0	0	0	0	312	383
3	0	0	0	0	355	383
4	0	0	0	0	404	383
5	0	0	0	0	455	383
6	0	0	0	0	504	384
7	0	0	0	0	547	384
8	0	0	0	0	582	384
9	0	0	0	0	606	384
10	0	0	0	0	618	385
11	0	0	0	0	620	385
12	0	0	0	0	614	385
13	0	0	0	0	599	386
14	0	0	0	0	576	386
15	0	0	0	0	549	386
0	0	0	0	0	520	387
1	0	0	0	0	489	387
2	0	0	0	0	458	387
3	0	0	0	0	429	387
4	0	0	0	0	406	388
5	0	0	0	0	388	387
6	0	0	0	0	373	387
7	0	0	0	0	364	387
8	0	0	0	0	359	388
9	0	0	0	0	359	388
10	0	0	0	0	362	389
11	0	0	0	0	369	388
12	0	0	0	0	379	387
13	0	0	0	0	390	386
14	0	0	0	0	400	385
15	0	0	0	0	413	385
0	0	0	0	0	423	385
1	0	0	0	0	435	386
2	0	0	0	0	444	387
3	0	0	0	0	453	389
4	0	0	0	0	459	391
5	0	0	0	0	464	393
6	0	0	0	0	468	395
7	0	0	0	0	475	397
8	0	0	0	0	493	399
9	0	0	0	0	522	401
10	0	0	0	0	567	404
11	0	0	0	0	624	406
12	0	0	0	0	688	409
13	0	0	0	0	753	410
14	0	0	0	0	810	413
15	0	0	0	0	855	415
0	0	0	0	0	884	415
1	0	0	0	0	894	418
2	0	0	0	0	882	420
3	0	0	0	0	851	422
4	0	0	0	0	803	424
5	0	0	0	0	743	426
6	0	0	0	0	673	428
7	0	0	0	0	598	431
8	0	0	0	0	524	433
9	0	0	0	0	454	436
10	0	0	0	0	391	438
11	0	0	0	0	336	440
12	0	0	0	0	294	441
13	0	0	0	0	264	444
14	0	0	0	0	248	445
15	0	0	0	0	246	446
0	0	0	0	0	259	449
1	0	0	0	0	283	450
2	0	0	0	0	318	451
3	0	0	0	0	363	453
4	0	0	0	0	413	455
5	0	0	0	0	464	456
6	0	0	0	0	511	458
7	0	0	0	0	552	459
8	0	0	0	0	586	461
9	0	0	0	0	609	462
10	0	0	0	0	620	463
11	0	0	0	0	621	466
12	0	0	0	0	612	467
13	0	0	0	0	594	469
14	0	0	0	0	572	472
15	0	0	0	0	546	473
0	0	0	0	0	517	476
1	0	0	0	0	486	477
2	0	0	0	0	457	480
3	0	0	0	0	428	482
4	0	0	0	0	404	484
5	0	0	0	0	384	487
6	0	0	0	0	371	488
7	0	0	0	0	360	490
8	0	0	0	0	355	493
9	0	0	0	0	353	496
10	0	0	0	0	357	500
11	0	0	0	0	365	503
12	0	0	0	0	375	505
13	0	0	0	0	386	507
14	0	0	0	0	399	509
15	0	0	0	0	411	511
0	0	0	0	0	423	513
1	0	0	0	0	432	516
2	0	0	0	0	443	521
3	0	0	0	0	451	525
4	0	0	0	0	457	530
5	0	0	0	0	461	535
6	0	0	0	0	463	541
7	0	0	0	0	465	546
8	0	0	0	0	472	551
9	0	0	0	0	485	556
10	0	0	0	0	514	562
11	0	0	0	0	560	568
12	0	0	0	0	620	573
13	0	0	0	0	684	579
14	0	0	0	0	748	584
15	0	0	0	0	805	588
0	0	0	0	0	850	594
1	0	0	0	0	876	599
2	0	0	0	0	882	604
3	0	0	0	0	868	609
4	0	0	0	0	836	614
5	0	0	0	0	788	619
6	0	0	0	0	724	624
