# OpenSignals Text File Format
# {"98:D3:51:FD:8E:66":{"sensor":["RAW","RESPBIT"],"device name":"98:D3:51:FD:8E:66","column":["nSeq","I1","I2","O1","O2","A1","A3"],"sync interval":2,"time":"00:34:30","comments":"","device connection":"BTH98:D3:51:FD:8E:66","channels":[1,3],"date":"2021-09-19","mode":0,"digital IO":[0,0,1,1],"firmware version":0,"device":"bitalino_rev","position":0,"sampling rate":100,"label":["A1","A3"],"resolution":[10,10],"special":[{},{}]}}
# EndOfHeader
0	0	0	0	0	453	371
1	0	0	0	0	454	371
2	0	0	0	0	456	371
3	0	0	0	0	462	371
4	0	0	0	0	468	371
5	0	0	0	0	477	371
6	0	0	0	0	487	372
7	0	0	0	0	496	372
8	0	0	0	0	505	373
9	0	0	0	0	513	374
10	0	0	0	0	519	375
11	0	0	0	0	524	376
12	0	0	0	0	527	377
13	0	0	0	0	528	378
14	0	0	0	0	528	380
15	0	0	0	0	526	382
0	0	0	0	0	519	383
1	0	0	0	0	513	385
2	0	0	0	0	507	387
3	0	0	0	0	502	390
4	0	0	0	0	497	391
5	0	0	0	0	494	394
6	0	0	0	0	490	396
7	0	0	0	0	488	398
8	0	0	0	0	486	400
9	0	0	0	0	486	403
10	0	0	0	0	485	405
11	0	0	0	0	485	408
12	0	0	0	0	487	409
13	0	0	0	0	487	410
14	0	0	0	0	489	411
15	0	0	0	0	491	413
0	0	0	0	0	494	415
1	0	0	0	0	496	416
2	0	0	0	0	498	417
3	0	0	0	0	499	417
4	0	0	0	0	501	415
5	0	0	0	0	503	415
6	0	0	0	0	503	414
7	0	0	0	0	504	414
8	0	0	0	0	505	415
9	0	0	0	0	505	417
10	0	0	0	0	505	419
11	0	0	0	0	506	422
12	0	0	0	0	506	426
13	0	0	0	0	506	429
14	0	0	0	0	505	433
15	0	0	0	0	504	436
0	0	0	0	0	503	440
1	0	0	0	0	503	443
2	0	0	0	0	506	447
3	0	0	0	0	512	450
4	0	0	0	0	523	453
5	0	0	0	0	537	456
6	0	0	0	0	553	459
7	0	0	0	0	571	462
8	0	0	0	0	587	465
9	0	0	0	0	600	468
10	0	0	0	0	608	470
11	0	0	0	0	611	472
12	0	0	0	0	607	474
13	0	0	0	0	597	476
14	0	0	0	0	585	478
15	0	0	0	0	570	479
0	0	0	0	0	552	481
1	0	0	0	0	533	482
2	0	0	0	0	516	483
3	0	0	0	0	499	483
4	0	0	0	0	484	483
5	0	0	0	0	471	483
6	0	0	0	0	462	482
7	0	0	0	0	455	480
8	0	0	0	0	452	479
9	0	0	0	0	450	476
10	0	0	0	0	452	474
11	0	0	0	0	457	472
12	0	0	0	0	464	469
13	0	0	0	0	473	467
14	0	0	0	0	483	464
15	0	0	0	0	494	461
0	0	0	0	0	504	458
1	0	0	0	0	512	455
2	0	0	0	0	519	452
3	0	0	0	0	526	449
4	0	0	0	0	530	446
5	0	0	0	0	530	443
6	0	0	0	0	529	440
7	0	0	0	0	527	437
8	0	0	0	0	524	433
9	0	0	0	0	518	431
10	0	0	0	0	513	427
11	0	0	0	0	508	424
12	0	0	0	0	502	422
13	0	0	0	0	496	419
14	0	0	0	0	492	416
15	0	0	0	0	488	414
0	0	0	0	0	487	411
1	0	0	0	0	485	408
2	0	0	0	0	484	405
3	0	0	0	0	484	401
4	0	0	0	0	484	397
5	0	0	0	0	486	394
6	0	0	0	0	487	392
7	0	0	0	0	490	389
8	0	0	0	0	491	385
9	0	0	0	0	495	381
10	0	0	0	0	496	376
11	0	0	0	0	497	371
12	0	0	0	0	498	366
13	0	0	0	0	501	362
14	0	0	0	0	503	359
15	0	0	0	0	504	357
0	0	0	0	0	504	356
1	0	0	0	0	505	355
2	0	0	0	0	505	355
3	0	0	0	0	505	355
4	0	0	0	0	505	356
5	0	0	0	0	506	356
6	0	0	0	0	505	356
7	0	0	0	0	506	357
8	0	0	0	0	507	358
9	0	0	0	0	511	359
10	0	0	0	0	518	360
11	0	0	0	0	529	361
12	0	0	0	0	544	362
13	0	0	0	0	561	363
14	0	0	0	0	577	364
15	0	0	0	0	591	366
0	0	0	0	0	602	366
1	0	0	0	0	607	368
2	0	0	0	0	606	367
3	0	0	0	0	599	368
4	0	0	0	0	588	370
5	0	0	0	0	573	371
6	0	0	0	0	558	373
7	0	0	0	0	540	375
8	0	0	0	0	521	376
9	0	0	0	0	504	377
10	0	0	0	0	489	378
11	0	0	0	0	476	379
12	0	0	0	0	465	379
13	0	0	0	0	459	380
14	0	0	0	0	454	380
15	0	0	0	0	452	381
0	0	0	0	0	453	381
1	0	0	0	0	455	382
2	0	0	0	0	462	383
3	0	0	0	0	468	384
4	0	0	0	0	476	384
5	0	0	0	0	486	385
6	0	0	0	0	495	387
7	0	0	0	0	505	388
8	0	0	0	0	512	389
9	0	0	0	0	519	390
10	0	0	0	0	524	392
11	0	0	0	0	527	393
12	0	0	0	0	527	394
13	0	0	0	0	525	396
14	0	0	0	0	523	397
15	0	0	0	0	520	398
0	0	0	0	0	515	400
1	0	0	0	0	509	401
2	0	0	0	0	505	402
3	0	0	0	0	500	403
4	0	0	0	0	495	404
5	0	0	0	0	492	405
6	0	0	0	0	489	406
7	0	0	0	0	488	407
8	0	0	0	0	487	408
9	0	0	0	0	486	409
10	0	0	0	0	486	409
11	0	0	0	0	487	409
12	0	0	0	0	488	408
13	0	0	0	0	490	408
14	0	0	0	0	492	408
15	0	0	0	0	494	409
0	0	0	0	0	496	408
1	0	0	0	0	498	406
2	0	0	0	0	500	404
3	0	0	0	0	501	401
4	0	0	0	0	502	398
5	0	0	0	0	503	396
6	0	0	0	0	504	395
7	0	0	0	0	505	394
8	0	0	0	0	505	394
9	0	0	0	0	506	395
10	0	0	0	0	505	396
11	0	0	0	0	505	398
12	0	0	0	0	505	399
13	0	0	0	0	504	400
14	0	0	0	0	505	401
15	0	0	0	0	504	402
0	0	0	0	0	503	403
1	0	0	0	0	505	405
2	0	0	0	0	511	407
3	0	0	0	0	524	407
4	0	0	0	0	538	408
5	0	0	0	0	554	409
6	0	0	0	0	572	409
7	0	0	0	0	590	410
8	0	0	0	0	602	411
9	0	0	0	0	608	411
10	0	0	0	0	610	411
11	0	0	0	0	606	411
12	0	0	0	0	597	411
13	0	0	0	0	584	412
14	0	0	0	0	568	412
15	0	0	0	0	550	413
0	0	0	0	0	531	413
1	0	0	0	0	514	413
2	0	0	0	0	498	413
3	0	0	0	0	483	413
4	0	0	0	0	470	412
5	0	0	0	0	462	411
6	0	0	0	0	455	410
7	0	0	0	0	451	409
8	0	0	0	0	452	408
9	0	0	0	0	455	406
10	0	0	0	0	460	405
11	0	0	0	0	467	403
12	0	0	0	0	475	402
13	0	0	0	0	484	401
14	0	0	0	0	495	399
15	0	0	0	0	504	398
0	0	0	0	0	512	396
1	0	0	0	0	520	395
2	0	0	0	0	526	394
3	0	0	0	0	529	393
4	0	0	0	0	530	391
5	0	0	0	0	529	391
6	0	0	0	0	526	389
7	0	0	0	0	523	388
8	0	0	0	0	517	387
9	0	0	0	0	512	386
10	0	0	0	0	507	385
11	0	0	0	0	501	384
12	0	0	0	0	497	383
13	0	0	0	0	493	382
14	0	0	0	0	490	382
15	0	0	0	0	488	381
0	0	0	0	0	486	381
1	0	0	0	0	486	380
2	0	0	0	0	486	379
3	0	0	0	0	486	376
4	0	0	0	0	487	375
5	0	0	0	0	489	374
6	0	0	0	0	491	374
7	0	0	0	0	493	373
8	0	0	0	0	495	371
9	0	0	0	0	496	369
10	0	0	0	0	497	366
11	0	0	0	0	500	363
12	0	0	0	0	500	360
13	0	0	0	0	502	359
14	0	0	0	0	503	359
15	0	0	0	0	504	359
0	0	0	0	0	504	359
1	0	0	0	0	504	361
2	0	0	0	0	505	364
3	0	0	0	0	504	367
4	0	0	0	0	504	370
5	0	0	0	0	504	372
6	0	0	0	0	504	376
7	0	0	0	0	505	380
8	0	0	0	0	507	384
9	0	0	0	0	511	387
10	0	0	0	0	521	392
11	0	0	0	0	534	396
12	0	0	0	0	550	400
13	0	0	0	0	567	404
14	0	0	0	0	584	409
15	0	0	0	0	598	414
0	0	0	0	0	608	418
1	0	0	0	0	611	422
2	0	0	0	0	609	426
3	0	0	0	0	603	430
4	0	0	0	0	589	434
5	0	0	0	0	573	438
6	0	0	0	0	556	441
7	0	0	0	0	538	445
8	0	0	0	0	519	449
9	0	0	0	0	503	452
10	0	0	0	0	487	454
11	0	0	0	0	473	456
12	0	0	0	0	462	458
13	0	0	0	0	454	460
14	0	0	0	0	450	461
15	0	0	0	0	448	462
0	0	0	0	0	450	462
1	0	0	0	0	455	463
2	0	0	0	0	462	463
3	0	0	0	0	470	464
4	0	0	0	0	479	464
5	0	0	0	0	489	465
6	0	0	0	0	500	465
7	0	0	0	0	509	465
8	0	0	0	0	516	465
9	0	0	0	0	520	464
10	0	0	0	0	525	464
11	0	0	0	0	527	464
12	0	0	0	0	527	463
13	0	0	0	0	525	462
14	0	0	0	0	522	461
15	0	0	0	0	518	460
0	0	0	0	0	513	458
1	0	0	0	0	508	456
2	0	0	0	0	504	455
3	0	0	0	0	498	453
4	0	0	0	0	494	452
5	0	0	0	0	491	450
6	0	0	0	0	488	448
7	0	0	0	0	486	446
8	0	0	0	0	485	443
9	0	0	0	0	486	440
10	0	0	0	0	486	436
11	0	0	0	0	487	432
12	0	0	0	0	488	430
13	0	0	0	0	489	427
14	0	0	0	0	491	423
15	0	0	0	0	494	417
0	0	0	0	0	496	412
1	0	0	0	0	497	407
2	0	0	0	0	499	401
3	0	0	0	0	501	397
4	0	0	0	0	503	393
5	0	0	0	0	504	390
6	0	0	0	0	505	388
7	0	0	0	0	506	387
8	0	0	0	0	506	387
9	0	0	0	0	506	387
10	0	0	0	0	505	387
11	0	0	0	0	505	387
12	0	0	0	0	505	387
13	0	0	0	0	505	387
14	0	0	0	0	506	388
15	0	0	0	0	511	389
0	0	0	0	0	519	390
1	0	0	0	0	532	391
2	0	0	0	0	548	392
3	0	0	0	0	565	393
4	0	0	0	0	583	395
5	0	0	0	0	597	396
6	0	0	0	0	609	397
7	0	0	0	0	613	398
8	0	0	0	0	612	398
9	0	0	0	0	606	399
10	0	0	0	0	595	399
11	0	0	0	0	579	400
12	0	0	0	0	563	400
13	0	0	0	0	543	401
14	0	0	0	0	525	402
15	0	0	0	0	506	403
0	0	0	0	0	489	403
1	0	0	0	0	475	402
2	0	0	0	0	464	402
3	0	0	0	0	456	402
4	0	0	0	0	451	402
5	0	0	0	0	449	401
6	0	0	0	0	450	400
7	0	0	0	0	454	399
8	0	0	0	0	460	398
9	0	0	0	0	468	397
10	0	0	0	0	477	396
11	0	0	0	0	488	395
12	0	0	0	0	499	394
13	0	0	0	0	508	392
14	0	0	0	0	515	391
15	0	0	0	0	523	390
0	0	0	0	0	526	389
1	0	0	0	0	529	388
2	0	0	0	0	529	388
3	0	0	0	0	528	387
4	0	0	0	0	525	386
5	0	0	0	0	519	385
6	0	0	0	0	515	384
7	0	0	0	0	509	383
8	0	0	0	0	503	382
9	0	0	0	0	497	381
10	0	0	0	0	493	380
11	0	0	0	0	489	379
12	0	0	0	0	486	378
13	0	0	0	0	485	377
14	0	0	0	0	484	376
15	0	0	0	0	484	376
0	0	0	0	0	483	374
1	0	0	0	0	484	371
2	0	0	0	0	487	369
3	0	0	0	0	489	368
4	0	0	0	0	491	367
5	0	0	0	0	494	366
6	0	0	0	0	495	364
7	0	0	0	0	498	361
8	0	0	0	0	500	358
9	0	0	0	0	501	355
10	0	0	0	0	501	351
11	0	0	0	0	502	350
12	0	0	0	0	502	348
13	0	0	0	0	503	348
14	0	0	0	0	504	349
15	0	0	0	0	504	350
0	0	0	0	0	503	351
1	0	0	0	0	503	352
2	0	0	0	0	502	353
3	0	0	0	0	502	354
4	0	0	0	0	503	356
5	0	0	0	0	505	358
6	0	0	0	0	508	360
7	0	0	0	0	517	361
8	0	0	0	0	529	363
9	0	0	0	0	545	365
10	0	0	0	0	562	367
11	0	0	0	0	582	368
12	0	0	0	0	597	369
13	0	0	0	0	610	371
14	0	0	0	0	617	373
15	0	0	0	0	617	375
0	0	0	0	0	612	376
1	0	0	0	0	601	377
2	0	0	0	0	585	378
3	0	0	0	0	567	380
4	0	0	0	0	548	382
5	0	0	0	0	528	384
6	0	0	0	0	508	385
7	0	0	0	0	492	386
8	0	0	0	0	478	387
9	0	0	0	0	467	387
10	0	0	0	0	459	387
11	0	0	0	0	453	387
12	0	0	0	0	451	387
13	0	0	0	0	451	386
14	0	0	0	0	454	386
15	0	0	0	0	459	385
0	0	0	0	0	466	385
1	0	0	0	0	475	384
2	0	0	0	0	484	384
3	0	0	0	0	493	383
4	0	0	0	0	503	383
5	0	0	0	0	511	382
6	0	0	0	0	518	382
7	0	0	0	0	524	382
8	0	0	0	0	528	381
9	0	0	0	0	528	381
10	0	0	0	0	528	380
11	0	0	0	0	526	380
12	0	0	0	0	521	379
13	0	0	0	0	517	379
14	0	0	0	0	511	377
15	0	0	0	0	506	377
0	0	0	0	0	500	376
1	0	0	0	0	495	375
2	0	0	0	0	491	375
3	0	0	0	0	487	374
4	0	0	0	0	483	374
5	0	0	0	0	482	373
6	0	0	0	0	481	371
7	0	0	0	0	482	370
8	0	0	0	0	482	368
9	0	0	0	0	483	368
10	0	0	0	0	484	368
11	0	0	0	0	486	367
12	0	0	0	0	488	365
13	0	0	0	0	490	363
14	0	0	0	0	492	360
15	0	0	0	0	494	358
0	0	0	0	0	497	356
1	0	0	0	0	498	355
2	0	0	0	0	499	355
3	0	0	0	0	500	355
4	0	0	0	0	502	357
5	0	0	0	0	503	359
6	0	0	0	0	503	361
7	0	0	0	0	504	364
8	0	0	0	0	504	366
9	0	0	0	0	504	368
10	0	0	0	0	504	371
11	0	0	0	0	505	373
12	0	0	0	0	509	375
13	0	0	0	0	515	377
14	0	0	0	0	525	379
15	0	0	0	0	540	382
0	0	0	0	0	557	384
1	0	0	0	0	574	386
2	0	0	0	0	589	389
3	0	0	0	0	603	392
4	0	0	0	0	610	396
5	0	0	0	0	611	398
6	0	0	0	0	607	401
7	0	0	0	0	597	403
8	0	0	0	0	583	407
9	0	0	0	0	567	410
10	0	0	0	0	547	413
11	0	0	0	0	529	417
12	0	0	0	0	510	420
13	0	0	0	0	492	423
14	0	0	0	0	478	425
15	0	0	0	0	466	427
0	0	0	0	0	457	429
1	0	0	0	0	451	431
2	0	0	0	0	447	433
3	0	0	0	0	449	434
4	0	0	0	0	452	436
5	0	0	0	0	456	437
6	0	0	0	0	462	439
7	0	0	0	0	471	441
8	0	0	0	0	481	442
9	0	0	0	0	489	444
10	0	0	0	0	499	445
11	0	0	0	0	508	447
12	0	0	0	0	515	448
13	0	0	0	0	520	450
14	0	0	0	0	524	451
15	0	0	0	0	526	452
0	0	0	0	0	525	454
1	0	0	0	0	523	455
2	0	0	0	0	520	455
3	0	0	0	0	516	456
4	0	0	0	0	512	457
5	0	0	0	0	508	458
6	0	0	0	0	504	459
7	0	0	0	0	499	459
8	0	0	0	0	495	460
9	0	0	0	0	492	460
10	0	0	0	0	490	460
11	0	0	0	0	488	460
12	0	0	0	0	488	459
13	0	0	0	0	487	458
14	0	0	0	0	487	458
15	0	0	0	0	488	458
0	0	0	0	0	489	457
1	0	0	0	0	491	455
2	0	0	0	0	493	452
3	0	0	0	0	495	449
4	0	0	0	0	497	446
5	0	0	0	0	499	444
6	0	0	0	0	500	443
7	0	0	0	0	502	442
8	0	0	0	0	503	443
9	0	0	0	0	503	444
10	0	0	0	0	503	447
11	0	0	0	0	504	449
12	0	0	0	0	504	451
13	0	0	0	0	503	453
14	0	0	0	0	504	455
15	0	0	0	0	504	456
0	0	0	0	0	503	457
1	0	0	0	0	504	458
2	0	0	0	0	510	460
3	0	0	0	0	519	461
4	0	0	0	0	531	462
5	0	0	0	0	545	462
6	0	0	0	0	560	463
7	0	0	0	0	575	463
8	0	0	0	0	587	463
9	0	0	0	0	595	463
10	0	0	0	0	598	463
11	0	0	0	0	595	462
12	0	0	0	0	588	461
13	0	0	0	0	577	460
14	0	0	0	0	563	460
15	0	0	0	0	547	460
0	0	0	0	0	530	458
1	0	0	0	0	513	456
2	0	0	0	0	498	454
3	0	0	0	0	485	451
4	0	0	0	0	474	449
5	0	0	0	0	466	446
6	0	0	0	0	460	443
7	0	0	0	0	456	439
8	0	0	0	0	455	436
9	0	0	0	0	456	432
10	0	0	0	0	461	429
11	0	0	0	0	467	425
12	0	0	0	0	475	422
13	0	0	0	0	484	418
14	0	0	0	0	492	415
15	0	0	0	0	502	412
0	0	0	0	0	510	408
1	0	0	0	0	517	405
2	0	0	0	0	523	402
3	0	0	0	0	526	399
4	0	0	0	0	527	396
5	0	0	0	0	529	393
6	0	0	0	0	527	390
7	0	0	0	0	524	387
8	0	0	0	0	519	385
9	0	0	0	0	515	384
10	0	0	0	0	510	381
11	0	0	0	0	504	379
12	0	0	0	0	499	378
13	0	0	0	0	496	376
14	0	0	0	0	492	373
15	0	0	0	0	489	371
0	0	0	0	0	487	368
1	0	0	0	0	485	366
2	0	0	0	0	485	366
3	0	0	0	0	486	364
4	0	0	0	0	487	362
5	0	0	0	0	489	359
6	0	0	0	0	491	356
7	0	0	0	0	494	354
8	0	0	0	0	496	351
9	0	0	0	0	498	349
10	0	0	0	0	500	348
11	0	0	0	0	503	348
12	0	0	0	0	503	348
13	0	0	0	0	503	349
14	0	0	0	0	504	350
15	0	0	0	0	505	352
0	0	0	0	0	505	353
1	0	0	0	0	505	355
2	0	0	0	0	507	357
3	0	0	0	0	505	359
4	0	0	0	0	506	360
5	0	0	0	0	511	362
6	0	0	0	0	519	364
7	0	0	0	0	532	366
8	0	0	0	0	547	368
9	0	0	0	0	563	370
10	0	0	0	0	580	373
11	0	0	0	0	595	375
12	0	0	0	0	605	376
13	0	0	0	0	608	378
14	0	0	0	0	607	380
15	0	0	0	0	600	381
0	0	0	0	0	588	383
1	0	0	0	0	572	386
2	0	0	0	0	555	388
3	0	0	0	0	536	391
4	0	0	0	0	516	393
5	0	0	0	0	499	395
6	0	0	0	0	484	397
7	0	0	0	0	470	399
8	0	0	0	0	461	401
9	0	0	0	0	454	402
10	0	0	0	0	451	404
11	0	0	0	0	451	406
12	0	0	0	0	452	407
13	0	0	0	0	458	409
14	0	0	0	0	465	411
15	0	0	0	0	474	412
0	0	0	0	0	483	414
1	0	0	0	0	492	415
2	0	0	0	0	502	417
3	0	0	0	0	511	419
4	0	0	0	0	518	420
5	0	0	0	0	523	422
6	0	0	0	0	527	423
7	0	0	0	0	529	425
8	0	0	0	0	529	427
9	0	0	0	0	527	429
10	0	0	0	0	522	430
11	0	0	0	0	518	432
12	0	0	0	0	513	433
13	0	0	0	0	508	434
14	0	0	0	0	502	435
15	0	0	0	0	498	437
0	0	0	0	0	493	438
1	0	0	0	0	489	440
2	0	0	0	0	487	440
3	0	0	0	0	485	440
4	0	0	0	0	486	440
5	0	0	0	0	487	440
6	0	0	0	0	486	440
7	0	0	0	0	488	442
8	0	0	0	0	490	441
9	0	0	0	0	492	440
10	0	0	0	0	494	438
11	0	0	0	0	496	436
12	0	0	0	0	498	434
13	0	0	0	0	500	432
14	0	0	0	0	502	431
15	0	0	0	0	503	432
0	0	0	0	0	504	432
1	0	0	0	0	504	434
2	0	0	0	0	504	437
3	0	0	0	0	505	440
4	0	0	0	0	504	443
5	0	0	0	0	503	446
6	0	0	0	0	504	448
7	0	0	0	0	504	451
8	0	0	0	0	503	453
9	0	0	0	0	506	455
10	0	0	0	0	513	458
11	0	0	0	0	522	460
12	0	0	0	0	535	462
13	0	0	0	0	552	463
14	0	0	0	0	571	465
15	0	0	0	0	588	466
0	0	0	0	0	601	468
1	0	0	0	0	609	468
2	0	0	0	0	612	468
3	0	0	0	0	609	469
4	0	0	0	0	600	468
5	0	0	0	0	586	468
6	0	0	0	0	571	469
7	0	0	0	0	552	469
8	0	0	0	0	532	468
9	0	0	0	0	513	467
10	0	0	0	0	496	466
11	0	0	0	0	481	464
12	0	0	0	0	468	462
13	0	0	0	0	459	460
14	0	0	0	0	451	457
15	0	0	0	0	448	454
0	0	0	0	0	448	450
1	0	0	0	0	450	447
2	0	0	0	0	456	444
3	0	0	0	0	464	440
4	0	0	0	0	474	437
5	0	0	0	0	484	433
6	0	0	0	0	496	430
7	0	0	0	0	507	427
8	0	0	0	0	517	423
9	0	0	0	0	524	420
10	0	0	0	0	530	417
11	0	0	0	0	534	413
12	0	0	0	0	535	410
13	0	0	0	0	534	407
14	0	0	0	0	531	403
15	0	0	0	0	527	400
0	0	0	0	0	521	398
1	0	0	0	0	514	396
2	0	0	0	0	508	393
3	0	0	0	0	503	390
4	0	0	0	0	496	388
5	0	0	0	0	490	385
6	0	0	0	0	487	383
7	0	0	0	0	484	380
8	0	0	0	0	481	376
9	0	0	0	0	480	374
10	0	0	0	0	481	372
11	0	0	0	0	482	371
12	0	0	0	0	482	368
13	0	0	0	0	484	365
14	0	0	0	0	488	361
15	0	0	0	0	491	358
0	0	0	0	0	494	354
1	0	0	0	0	497	351
2	0	0	0	0	500	349
3	0	0	0	0	503	348
4	0	0	0	0	504	348
5	0	0	0	0	504	347
6	0	0	0	0	505	348
7	0	0	0	0	506	349
8	0	0	0	0	507	351
9	0	0	0	0	506	352
10	0	0	0	0	506	354
11	0	0	0	0	506	356
12	0	0	0	0	507	358
13	0	0	0	0	511	360
14	0	0	0	0	519	363
15	0	0	0	0	532	365
0	0	0	0	0	549	367
1	0	0	0	0	568	369
2	0	0	0	0	589	371
3	0	0	0	0	606	373
4	0	0	0	0	616	375
5	0	0	0	0	622	376
6	0	0	0	0	620	377
7	0	0	0	0	613	380
8	0	0	0	0	600	381
9	0	0	0	0	583	383
10	0	0	0	0	564	385
11	0	0	0	0	543	386
12	0	0	0	0	521	387
13	0	0	0	0	502	388
14	0	0	0	0	483	388
15	0	0	0	0	467	389
0	0	0	0	0	453	389
1	0	0	0	0	442	389
2	0	0	0	0	435	389
3	0	0	0	0	432	388
4	0	0	0	0	432	387
5	0	0	0	0	434	387
6	0	0	0	0	440	386
7	0	0	0	0	449	385
8	0	0	0	0	458	384
9	0	0	0	0	470	383
10	0	0	0	0	482	382
11	0	0	0	0	493	381
12	0	0	0	0	502	380
13	0	0	0	0	510	379
14	0	0	0	0	514	377
15	0	0	0	0	518	377
0	0	0	0	0	519	376
1	0	0	0	0	518	376
2	0	0	0	0	517	375
3	0	0	0	0	515	376
4	0	0	0	0	513	375
5	0	0	0	0	511	376
6	0	0	0	0	508	377
7	0	0	0	0	506	379
8	0	0	0	0	502	380
9	0	0	0	0	498	383
10	0	0	0	0	496	386
11	0	0	0	0	493	389
12	0	0	0	0	489	392
13	0	0	0	0	486	395
14	0	0	0	0	485	397
15	0	0	0	0	486	399
0	0	0	0	0	487	401
1	0	0	0	0	492	405
2	0	0	0	0	495	407
3	0	0	0	0	498	408
4	0	0	0	0	501	409
5	0	0	0	0	504	409
6	0	0	0	0	507	409
7	0	0	0	0	509	409
8	0	0	0	0	511	410
9	0	0	0	0	513	411
10	0	0	0	0	515	413
11	0	0	0	0	517	415
12	0	0	0	0	516	418
13	0	0	0	0	514	422
14	0	0	0	0	511	425
15	0	0	0	0	507	429
0	0	0	0	0	503	432
1	0	0	0	0	501	434
2	0	0	0	0	499	436
3	0	0	0	0	499	439
4	0	0	0	0	501	441
5	0	0	0	0	502	442
6	0	0	0	0	504	443
7	0	0	0	0	504	443
8	0	0	0	0	506	442
9	0	0	0	0	507	440
10	0	0	0	0	509	440
11	0	0	0	0	511	438
12	0	0	0	0	512	436
13	0	0	0	0	515	434
14	0	0	0	0	515	432
15	0	0	0	0	514	431
0	0	0	0	0	514	430
1	0	0	0	0	514	428
2	0	0	0	0	512	427
3	0	0	0	0	512	425
4	0	0	0	0	511	424
5	0	0	0	0	511	422
6	0	0	0	0	510	419
7	0	0	0	0	511	416
8	0	0	0	0	510	413
9	0	0	0	0	510	409
10	0	0	0	0	507	406
11	0	0	0	0	503	403
12	0	0	0	0	500	400
13	0	0	0	0	499	396
14	0	0	0	0	499	393
15	0	0	0	0	501	391
0	0	0	0	0	503	388
1	0	0	0	0	505	386
2	0	0	0	0	505	384
3	0	0	0	0	504	382
4	0	0	0	0	504	379
5	0	0	0	0	502	377
6	0	0	0	0	496	375
7	0	0	0	0	492	372
8	0	0	0	0	487	369
9	0	0	0	0	488	367
10	0	0	0	0	493	364
11	0	0	0	0	500	362
12	0	0	0	0	507	359
13	0	0	0	0	513	356
14	0	0	0	0	517	353
15	0	0	0	0	520	350
0	0	0	0	0	520	347
1	0	0	0	0	519	344
2	0	0	0	0	519	340
3	0	0	0	0	521	337
4	0	0	0	0	522	333
5	0	0	0	0	526	330
6	0	0	0	0	530	329
7	0	0	0	0	532	328
8	0	0	0	0	534	327
9	0	0	0	0	534	325
10	0	0	0	0	533	325
11	0	0	0	0	530	325
12	0	0	0	0	527	323
13	0	0	0	0	523	321
14	0	0	0	0	519	320
15	0	0	0	0	513	319
0	0	0	0	0	508	319
1	0	0	0	0	503	321
2	0	0	0	0	498	324
3	0	0	0	0	495	328
4	0	0	0	0	491	332
5	0	0	0	0	490	335
6	0	0	0	0	491	337
7	0	0	0	0	495	340
8	0	0	0	0	497	343
9	0	0	0	0	501	345
10	0	0	0	0	505	346
11	0	0	0	0	508	347
12	0	0	0	0	510	347
13	0	0	0	0	510	348
14	0	0	0	0	511	348
15	0	0	0	0	513	346
0	0	0	0	0	514	344
1	0	0	0	0	516	343
2	0	0	0	0	517	341
3	0	0	0	0	518	339
4	0	0	0	0	518	339
5	0	0	0	0	515	338
6	0	0	0	0	515	335
7	0	0	0	0	516	333
8	0	0	0	0	518	329
9	0	0	0	0	521	325
10	0	0	0	0	524	323
11	0	0	0	0	526	320
12	0	0	0	0	525	318
13	0	0	0	0	523	315
14	0	0	0	0	522	313
15	0	0	0	0	521	309
0	0	0	0	0	521	307
1	0	0	0	0	521	303
2	0	0	0	0	524	300
3	0	0	0	0	523	298
4	0	0	0	0	522	295
5	0	0	0	0	520	294
6	0	0	0	0	518	291
7	0	0	0	0	513	290
8	0	0	0	0	507	290
9	0	0	0	0	501	290
10	0	0	0	0	496	289
11	0	0	0	0	491	290
12	0	0	0	0	488	291
13	0	0	0	0	487	291
14	0	0	0	0	484	291
15	0	0	0	0	483	291
0	0	0	0	0	482	292
1	0	0	0	0	481	293
2	0	0	0	0	482	294
3	0	0	0	0	485	296
4	0	0	0	0	491	297
5	0	0	0	0	499	299
6	0	0	0	0	510	300
7	0	0	0	0	519	303
8	0	0	0	0	527	303
9	0	0	0	0	531	304
10	0	0	0	0	535	306
11	0	0	0	0	535	307
12	0	0	0	0	533	310
13	0	0	0	0	529	311
14	0	0	0	0	522	313
15	0	0	0	0	516	314
0	0	0	0	0	509	315
1	0	0	0	0	502	316
2	0	0	0	0	496	318
3	0	0	0	0	493	321
4	0	0	0	0	492	324
5	0	0	0	0	492	327
6	0	0	0	0	493	331
7	0	0	0	0	496	335
8	0	0	0	0	499	339
9	0	0	0	0	502	344
10	0	0	0	0	505	348
11	0	0	0	0	512	351
12	0	0	0	0	516	355
13	0	0	0	0	521	358
14	0	0	0	0	525	360
15	0	0	0	0	536	362
0	0	0	0	0	552	363
1	0	0	0	0	576	363
2	0	0	0	0	602	364
3	0	0	0	0	627	364
4	0	0	0	0	648	366
5	0	0	0	0	661	367
6	0	0	0	0	666	367
7	0	0	0	0	662	369
8	0	0	0	0	652	370
9	0	0	0	0	637	371
10	0	0	0	0	616	372
11	0	0	0	0	593	373
12	0	0	0	0	570	373
13	0	0	0	0	548	373
14	0	0	0	0	529	373
15	0	0	0	0	513	372
0	0	0	0	0	496	371
1	0	0	0	0	481	369
2	0	0	0	0	466	368
3	0	0	0	0	456	366
4	0	0	0	0	451	365
5	0	0	0	0	450	364
6	0	0	0	0	454	362
7	0	0	0	0	462	361
8	0	0	0	0	469	360
9	0	0	0	0	476	359
10	0	0	0	0	483	359
11	0	0	0	0	488	360
12	0	0	0	0	492	360
13	0	0	0	0	494	362
14	0	0	0	0	493	363
15	0	0	0	0	492	364
0	0	0	0	0	492	365
1	0	0	0	0	490	365
2	0	0	0	0	489	366
3	0	0	0	0	487	366
4	0	0	0	0	484	367
5	0	0	0	0	479	368
6	0	0	0	0	476	370
7	0	0	0	0	474	371
8	0	0	0	0	473	373
9	0	0	0	0	472	374
10	0	0	0	0	474	375
11	0	0	0	0	475	376
12	0	0	0	0	476	377
13	0	0	0	0	479	378
14	0	0	0	0	481	378
15	0	0	0	0	483	378
0	0	0	0	0	485	380
1	0	0	0	0	488	382
2	0	0	0	0	491	385
3	0	0	0	0	494	386
4	0	0	0	0	498	388
5	0	0	0	0	503	388
6	0	0	0	0	507	388
7	0	0	0	0	511	390
8	0	0	0	0	515	391
9	0	0	0	0	518	395
10	0	0	0	0	519	399
11	0	0	0	0	519	403
12	0	0	0	0	519	407
13	0	0	0	0	515	412
14	0	0	0	0	511	416
15	0	0	0	0	505	420
0	0	0	0	0	498	424
1	0	0	0	0	489	427
2	0	0	0	0	479	430
3	0	0	0	0	470	432
4	0	0	0	0	462	433
5	0	0	0	0	462	435
6	0	0	0	0	470	435
7	0	0	0	0	489	435
8	0	0	0	0	515	434
9	0	0	0	0	547	432
10	0	0	0	0	580	429
11	0	0	0	0	610	425
12	0	0	0	0	635	421
13	0	0	0	0	651	418
14	0	0	0	0	659	415
15	0	0	0	0	659	412
0	0	0	0	0	649	409
1	0	0	0	0	635	406
2	0	0	0	0	616	403
3	0	0	0	0	595	401
4	0	0	0	0	573	398
5	0	0	0	0	552	396
6	0	0	0	0	532	393
7	0	0	0	0	515	390
8	0	0	0	0	500	387
9	0	0	0	0	490	384
10	0	0	0	0	484	381
11	0	0	0	0	482	378
12	0	0	0	0	483	376
13	0	0	0	0	487	376
14	0	0	0	0	494	375
15	0	0	0	0	503	374
0	0	0	0	0	512	372
1	0	0	0	0	523	370
2	0	0	0	0	533	369
3	0	0	0	0	543	368
4	0	0	0	0	551	367
5	0	0	0	0	558	366
6	0	0	0	0	560	365
7	0	0	0	0	561	363
8	0	0	0	0	558	361
9	0	0	0	0	554	359
10	0	0	0	0	550	357
11	0	0	0	0	546	356
12	0	0	0	0	540	355
13	0	0	0	0	536	352
14	0	0	0	0	530	350
15	0	0	0	0	525	348
0	0	0	0	0	520	345
1	0	0	0	0	513	343
2	0	0	0	0	507	340
3	0	0	0	0	498	337
4	0	0	0	0	489	335
5	0	0	0	0	481	334
6	0	0	0	0	475	333
7	0	0	0	0	469	331
8	0	0	0	0	465	331
9	0	0	0	0	465	329
10	0	0	0	0	467	327
11	0	0	0	0	472	327
12	0	0	0	0	477	327
13	0	0	0	0	483	327
14	0	0	0	0	488	331
15	0	0	0	0	495	335
0	0	0	0	0	501	341
1	0	0	0	0	508	349
2	0	0	0	0	513	358
3	0	0	0	0	520	368
4	0	0	0	0	525	379
5	0	0	0	0	530	389
6	0	0	0	0	536	398
7	0	0	0	0	543	407
8	0	0	0	0	551	415
9	0	0	0	0	563	423
10	0	0	0	0	577	431
11	0	0	0	0	591	438
12	0	0	0	0	601	445
13	0	0	0	0	609	451
14	0	0	0	0	613	457
15	0	0	0	0	613	462
0	0	0	0	0	609	466
1	0	0	0	0	601	471
2	0	0	0	0	590	475
3	0	0	0	0	575	480
4	0	0	0	0	558	484
5	0	0	0	0	540	488
6	0	0	0	0	521	492
7	0	0	0	0	504	495
8	0	0	0	0	487	498
9	0	0	0	0	475	501
10	0	0	0	0	462	503
11	0	0	0	0	451	504
12	0	0	0	0	445	504
13	0	0	0	0	440	504
14	0	0	0	0	439	503
15	0	0	0	0	441	502
0	0	0	0	0	446	499
1	0	0	0	0	453	496
2	0	0	0	0	462	493
3	0	0	0	0	470	489
4	0	0	0	0	477	484
5	0	0	0	0	482	479
6	0	0	0	0	485	473
7	0	0	0	0	489	466
8	0	0	0	0	493	459
9	0	0	0	0	498	452
10	0	0	0	0	504	445
11	0	0	0	0	510	438
12	0	0	0	0	514	431
13	0	0	0	0	519	423
14	0	0	0	0	522	416
15	0	0	0	0	525	408
0	0	0	0	0	525	400
1	0	0	0	0	525	391
2	0	0	0	0	523	383
3	0	0	0	0	519	374
4	0	0	0	0	515	365
5	0	0	0	0	511	356
6	0	0	0	0	505	349
7	0	0	0	0	500	344
8	0	0	0	0	496	338
9	0	0	0	0	491	331
10	0	0	0	0	488	325
11	0	0	0	0	487	319
12	0	0	0	0	486	312
13	0	0	0	0	486	306
14	0	0	0	0	487	301
15	0	0	0	0	488	298
0	0	0	0	0	490	296
1	0	0	0	0	492	295
2	0	0	0	0	494	295
3	0	0	0	0	496	297
4	0	0	0	0	497	299
5	0	0	0	0	498	301
6	0	0	0	0	497	303
7	0	0	0	0	497	306
8	0	0	0	0	497	309
9	0	0	0	0	498	313
10	0	0	0	0	502	316
11	0	0	0	0	510	319
12	0	0	0	0	520	322
13	0	0	0	0	536	326
14	0	0	0	0	554	328
15	0	0	0	0	573	331
0	0	0	0	0	588	332
1	0	0	0	0	600	334
2	0	0	0	0	606	335
3	0	0	0	0	606	337
4	0	0	0	0	599	338
5	0	0	0	0	588	339
6	0	0	0	0	573	341
7	0	0	0	0	557	343
8	0	0	0	0	539	345
9	0	0	0	0	521	347
10	0	0	0	0	505	349
11	0	0	0	0	490	351
12	0	0	0	0	476	353
13	0	0	0	0	465	354
14	0	0	0	0	456	355
15	0	0	0	0	451	356
0	0	0	0	0	448	356
1	0	0	0	0	448	357
2	0	0	0	0	453	357
3	0	0	0	0	457	358
4	0	0	0	0	464	359
5	0	0	0	0	474	359
6	0	0	0	0	484	360
7	0	0	0	0	495	360
8	0	0	0	0	504	361
9	0	0	0	0	515	361
10	0	0	0	0	521	361
11	0	0	0	0	525	362
12	0	0	0	0	527	362
13	0	0	0	0	529	363
14	0	0	0	0	528	364
15	0	0	0	0	526	365
0	0	0	0	0	523	366
1	0	0	0	0	519	368
2	0	0	0	0	513	370
3	0	0	0	0	508	371
4	0	0	0	0	503	371
5	0	0	0	0	499	371
6	0	0	0	0	495	372
7	0	0	0	0	492	374
8	0	0	0	0	489	375
9	0	0	0	0	487	376
10	0	0	0	0	487	376
11	0	0	0	0	487	376
12	0	0	0	0	488	375
13	0	0	0	0	491	374
14	0	0	0	0	493	374
15	0	0	0	0	496	375
0	0	0	0	0	499	376
1	0	0	0	0	502	378
2	0	0	0	0	504	381
3	0	0	0	0	508	384
4	0	0	0	0	510	387
5	0	0	0	0	511	390
6	0	0	0	0	514	393
7	0	0	0	0	516	397
8	0	0	0	0	517	401
9	0	0	0	0	519	405
10	0	0	0	0	525	409
11	0	0	0	0	536	414
12	0	0	0	0	554	419
13	0	0	0	0	575	424
14	0	0	0	0	597	429
15	0	0	0	0	619	435
0	0	0	0	0	634	440
1	0	0	0	0	644	445
2	0	0	0	0	648	450
3	0	0	0	0	645	453
4	0	0	0	0	633	458
5	0	0	0	0	616	463
6	0	0	0	0	596	467
7	0	0	0	0	571	472
8	0	0	0	0	545	476
9	0	0	0	0	519	480
10	0	0	0	0	496	483
11	0	0	0	0	473	487
12	0	0	0	0	453	490
13	0	0	0	0	437	493
14	0	0	0	0	427	496
15	0	0	0	0	423	497
0	0	0	0	0	423	498
1	0	0	0	0	430	498
2	0	0	0	0	441	498
3	0	0	0	0	454	497
4	0	0	0	0	467	496
5	0	0	0	0	481	495
6	0	0	0	0	498	494
7	0	0	0	0	515	492
8	0	0	0	0	531	490
9	0	0	0	0	545	487
10	0	0	0	0	554	485
11	0	0	0	0	559	482
12	0	0	0	0	559	479
13	0	0	0	0	558	477
14	0	0	0	0	554	475
15	0	0	0	0	548	472
0	0	0	0	0	538	468
1	0	0	0	0	527	464
2	0	0	0	0	515	459
3	0	0	0	0	503	452
4	0	0	0	0	490	446
5	0	0	0	0	477	440
6	0	0	0	0	463	435
7	0	0	0	0	444	430
8	0	0	0	0	426	423
9	0	0	0	0	413	416
10	0	0	0	0	401	409
11	0	0	0	0	392	402
12	0	0	0	0	384	396
13	0	0	0	0	379	391
14	0	0	0	0	374	389
15	0	0	0	0	371	388
0	0	0	0	0	368	388
1	0	0	0	0	368	390
2	0	0	0	0	374	391
3	0	0	0	0	381	393
4	0	0	0	0	391	395
5	0	0	0	0	403	396
6	0	0	0	0	419	398
7	0	0	0	0	438	399
8	0	0	0	0	456	400
9	0	0	0	0	470	401
10	0	0	0	0	475	402
11	0	0	0	0	478	403
12	0	0	0	0	477	404
13	0	0	0	0	472	405
14	0	0	0	0	464	406
15	0	0	0	0	456	407
0	0	0	0	0	450	406
1	0	0	0	0	444	407
2	0	0	0	0	440	406
3	0	0	0	0	440	406
4	0	0	0	0	440	407
5	0	0	0	0	443	409
6	0	0	0	0	448	410
7	0	0	0	0	456	412
8	0	0	0	0	463	413
9	0	0	0	0	474	414
10	0	0	0	0	487	415
11	0	0	0	0	502	415
12	0	0	0	0	514	417
13	0	0	0	0	522	419
14	0	0	0	0	526	420
15	0	0	0	0	528	422
0	0	0	0	0	529	424
1	0	0	0	0	528	426
2	0	0	0	0	528	428
3	0	0	0	0	526	430
4	0	0	0	0	523	432
5	0	0	0	0	515	435
6	0	0	0	0	505	436
7	0	0	0	0	494	438
8	0	0	0	0	481	439
9	0	0	0	0	470	440
10	0	0	0	0	459	441
11	0	0	0	0	449	443
12	0	0	0	0	448	444
13	0	0	0	0	457	445
14	0	0	0	0	465	446
15	0	0	0	0	470	446
0	0	0	0	0	469	446
1	0	0	0	0	463	446
2	0	0	0	0	455	444
3	0	0	0	0	451	444
4	0	0	0	0	451	445
5	0	0	0	0	453	446
6	0	0	0	0	460	445
7	0	0	0	0	470	444
8	0	0	0	0	481	443
9	0	0	0	0	492	441
10	0	0	0	0	502	439
11	0	0	0	0	510	438
12	0	0	0	0	516	438
13	0	0	0	0	523	440
14	0	0	0	0	528	442
15	0	0	0	0	534	445
0	0	0	0	0	540	448
1	0	0	0	0	543	452
2	0	0	0	0	545	455
3	0	0	0	0	542	457
4	0	0	0	0	537	460
5	0	0	0	0	531	462
6	0	0	0	0	524	464
7	0	0	0	0	517	465
8	0	0	0	0	512	465
9	0	0	0	0	508	466
10	0	0	0	0	505	466
11	0	0	0	0	504	466
12	0	0	0	0	505	466
13	0	0	0	0	508	467
14	0	0	0	0	512	466
15	0	0	0	0	516	465
0	0	0	0	0	519	464
1	0	0	0	0	522	463
2	0	0	0	0	524	462
3	0	0	0	0	526	462
4	0	0	0	0	527	461
5	0	0	0	0	527	460
6	0	0	0	0	525	458
7	0	0	0	0	525	456
8	0	0	0	0	523	454
9	0	0	0	0	521	451
10	0	0	0	0	519	449
11	0	0	0	0	518	446
12	0	0	0	0	518	443
13	0	0	0	0	516	440
14	0	0	0	0	516	436
15	0	0	0	0	516	434
0	0	0	0	0	516	430
1	0	0	0	0	516	427
2	0	0	0	0	516	423
3	0	0	0	0	515	420
4	0	0	0	0	514	416
5	0	0	0	0	513	413
6	0	0	0	0	512	408
7	0	0	0	0	509	405
8	0	0	0	0	507	401
9	0	0	0	0	506	398
10	0	0	0	0	505	395
11	0	0	0	0	506	392
12	0	0	0	0	507	389
13	0	0	0	0	508	385
14	0	0	0	0	509	381
15	0	0	0	0	510	377
0	0	0	0	0	512	374
1	0	0	0	0	511	371
2	0	0	0	0	511	368
3	0	0	0	0	512	364
4	0	0	0	0	511	359
5	0	0	0	0	511	354
6	0	0	0	0	510	348
7	0	0	0	0	509	343
8	0	0	0	0	509	339
9	0	0	0	0	508	335
10	0	0	0	0	507	333
11	0	0	0	0	506	331
12	0	0	0	0	505	331
13	0	0	0	0	504	331
14	0	0	0	0	503	332
15	0	0	0	0	503	333
0	0	0	0	0	502	335
1	0	0	0	0	502	336
2	0	0	0	0	501	337
3	0	0	0	0	500	339
4	0	0	0	0	500	341
5	0	0	0	0	499	343
6	0	0	0	0	497	344
7	0	0	0	0	498	347
8	0	0	0	0	499	348
9	0	0	0	0	500	350
10	0	0	0	0	502	352
11	0	0	0	0	504	354
12	0	0	0	0	504	355
13	0	0	0	0	507	357
14	0	0	0	0	510	358
15	0	0	0	0	512	359
0	0	0	0	0	513	362
1	0	0	0	0	513	363
2	0	0	0	0	515	365
3	0	0	0	0	515	367
4	0	0	0	0	515	368
5	0	0	0	0	514	368
6	0	0	0	0	514	368
7	0	0	0	0	514	368
8	0	0	0	0	514	369
9	0	0	0	0	513	369
10	0	0	0	0	514	369
11	0	0	0	0	515	369
12	0	0	0	0	513	369
13	0	0	0	0	513	369
14	0	0	0	0	512	370
15	0	0	0	0	512	371
0	0	0	0	0	511	373
1	0	0	0	0	510	375
2	0	0	0	0	511	377
3	0	0	0	0	511	379
4	0	0	0	0	511	382
5	0	0	0	0	511	385
6	0	0	0	0	512	388
7	0	0	0	0	512	391
8	0	0	0	0	511	395
9	0	0	0	0	511	399
10	0	0	0	0	510	402
11	0	0	0	0	510	404
12	0	0	0	0	509	407
13	0	0	0	0	510	408
14	0	0	0	0	510	412
15	0	0	0	0	510	415
0	0	0	0	0	510	416
1	0	0	0	0	510	417
2	0	0	0	0	509	418
3	0	0	0	0	509	418
4	0	0	0	0	509	417
5	0	0	0	0	509	417
6	0	0	0	0	508	418
7	0	0	0	0	509	419
8	0	0	0	0	508	422
9	0	0	0	0	508	425
10	0	0	0	0	508	428
11	0	0	0	0	508	432
12	0	0	0	0	508	436
13	0	0	0	0	508	440
14	0	0	0	0	508	445
15	0	0	0	0	508	449
0	0	0	0	0	508	453
1	0	0	0	0	507	457
2	0	0	0	0	503	461
3	0	0	0	0	500	464
4	0	0	0	0	497	469
5	0	0	0	0	493	472
6	0	0	0	0	489	476
7	0	0	0	0	486	479
8	0	0	0	0	485	482
9	0	0	0	0	486	485
10	0	0	0	0	489	487
11	0	0	0	0	495	489
12	0	0	0	0	499	492
13	0	0	0	0	502	494
14	0	0	0	0	503	496
15	0	0	0	0	503	498
0	0	0	0	0	504	499
1	0	0	0	0	505	499
2	0	0	0	0	507	500
3	0	0	0	0	509	500
4	0	0	0	0	508	499
5	0	0	0	0	507	497
6	0	0	0	0	507	496
7	0	0	0	0	508	493
8	0	0	0	0	508	491
9	0	0	0	0	508	488
10	0	0	0	0	510	485
11	0	0	0	0	513	482
12	0	0	0	0	516	479
13	0	0	0	0	521	476
14	0	0	0	0	527	472
15	0	0	0	0	532	470
0	0	0	0	0	536	466
1	0	0	0	0	540	463
2	0	0	0	0	542	459
3	0	0	0	0	543	455
4	0	0	0	0	543	452
5	0	0	0	0	542	448
6	0	0	0	0	542	444
7	0	0	0	0	540	441
8	0	0	0	0	534	437
9	0	0	0	0	526	434
10	0	0	0	0	514	429
11	0	0	0	0	504	424
12	0	0	0	0	495	419
13	0	0	0	0	487	415
14	0	0	0	0	481	412
15	0	0	0	0	479	408
0	0	0	0	0	478	403
1	0	0	0	0	479	397
2	0	0	0	0	483	391
3	0	0	0	0	489	384
4	0	0	0	0	498	379
5	0	0	0	0	508	374
6	0	0	0	0	516	370
7	0	0	0	0	526	366
8	0	0	0	0	533	363
9	0	0	0	0	536	361
10	0	0	0	0	539	360
11	0	0	0	0	537	359
12	0	0	0	0	531	358
13	0	0	0	0	522	357
14	0	0	0	0	514	355
15	0	0	0	0	508	354
0	0	0	0	0	502	353
1	0	0	0	0	501	352
2	0	0	0	0	503	350
3	0	0	0	0	512	349
4	0	0	0	0	531	347
5	0	0	0	0	560	345
6	0	0	0	0	594	343
7	0	0	0	0	622	342
8	0	0	0	0	642	341
9	0	0	0	0	652	339
10	0	0	0	0	656	339
11	0	0	0	0	650	338
12	0	0	0	0	637	338
13	0	0	0	0	618	338
14	0	0	0	0	594	339
15	0	0	0	0	568	340
0	0	0	0	0	543	342
1	0	0	0	0	521	343
2	0	0	0	0	504	344
3	0	0	0	0	490	346
4	0	0	0	0	482	348
5	0	0	0	0	478	349
6	0	0	0	0	479	351
7	0	0	0	0	482	352
8	0	0	0	0	487	353
9	0	0	0	0	495	353
10	0	0	0	0	504	355
11	0	0	0	0	512	355
12	0	0	0	0	518	355
13	0	0	0	0	523	355
14	0	0	0	0	526	355
15	0	0	0	0	527	354
0	0	0	0	0	529	354
1	0	0	0	0	531	354
2	0	0	0	0	534	354
3	0	0	0	0	532	353
4	0	0	0	0	531	352
5	0	0	0	0	530	353
6	0	0	0	0	526	353
7	0	0	0	0	522	352
8	0	0	0	0	519	353
9	0	0	0	0	516	353
10	0	0	0	0	515	352
11	0	0	0	0	515	351
12	0	0	0	0	516	349
13	0	0	0	0	518	346
14	0	0	0	0	519	346
15	0	0	0	0	521	347
0	0	0	0	0	522	345
1	0	0	0	0	521	344
2	0	0	0	0	519	342
3	0	0	0	0	517	339
4	0	0	0	0	515	336
5	0	0	0	0	512	333
6	0	0	0	0	510	332
7	0	0	0	0	509	331
8	0	0	0	0	507	331
9	0	0	0	0	505	332
10	0	0	0	0	504	332
11	0	0	0	0	504	334
12	0	0	0	0	503	336
13	0	0	0	0	504	338
14	0	0	0	0	504	341
15	0	0	0	0	507	343
0	0	0	0	0	510	346
1	0	0	0	0	513	348
2	0	0	0	0	516	351
3	0	0	0	0	521	353
4	0	0	0	0	524	356
5	0	0	0	0	527	357
6	0	0	0	0	529	360
7	0	0	0	0	530	362
8	0	0	0	0	528	365
9	0	0	0	0	527	367
10	0	0	0	0	525	369
11	0	0	0	0	524	371
12	0	0	0	0	522	373
13	0	0	0	0	519	375
14	0	0	0	0	518	377
15	0	0	0	0	518	379
0	0	0	0	0	517	380
1	0	0	0	0	516	381
2	0	0	0	0	517	383
3	0	0	0	0	518	384
4	0	0	0	0	518	385
5	0	0	0	0	520	387
6	0	0	0	0	522	388
7	0	0	0	0	524	391
8	0	0	0	0	526	393
9	0	0	0	0	527	395
10	0	0	0	0	528	398
11	0	0	0	0	528	401
12	0	0	0	0	528	404
13	0	0	0	0	528	408
14	0	0	0	0	529	412
15	0	0	0	0	530	417
0	0	0	0	0	531	422
1	0	0	0	0	532	428
2	0	0	0	0	534	433
3	0	0	0	0	534	438
4	0	0	0	0	532	443
5	0	0	0	0	530	448
6	0	0	0	0	527	452
7	0	0	0	0	523	457
8	0	0	0	0	520	463
9	0	0	0	0	518	468
10	0	0	0	0	515	473
11	0	0	0	0	512	479
12	0	0	0	0	508	484
13	0	0	0	0	506	489
14	0	0	0	0	504	495
15	0	0	0	0	502	499
0	0	0	0	0	500	504
1	0	0	0	0	499	507
2	0	0	0	0	498	510
3	0	0	0	0	496	514
4	0	0	0	0	496	517
5	0	0	0	0	496	518
6	0	0	0	0	497	518
7	0	0	0	0	499	517
8	0	0	0	0	501	514
9	0	0	0	0	503	511
10	0	0	0	0	504	508
11	0	0	0	0	504	505
12	0	0	0	0	503	504
13	0	0	0	0	501	502
14	0	0	0	0	496	501
15	0	0	0	0	487	500
0	0	0	0	0	476	500
1	0	0	0	0	462	499
2	0	0	0	0	447	498
3	0	0	0	0	435	496
4	0	0	0	0	427	495
5	0	0	0	0	422	493
6	0	0	0	0	423	491
7	0	0	0	0	430	488
8	0	0	0	0	442	486
9	0	0	0	0	457	483
10	0	0	0	0	474	481
11	0	0	0	0	491	480
12	0	0	0	0	507	479
13	0	0	0	0	519	478
14	0	0	0	0	528	478
15	0	0	0	0	534	477
0	0	0	0	0	536	476
1	0	0	0	0	538	476
2	0	0	0	0	540	475
3	0	0	0	0	542	476
4	0	0	0	0	544	476
5	0	0	0	0	543	475
6	0	0	0	0	543	473
7	0	0	0	0	541	471
8	0	0	0	0	535	467
9	0	0	0	0	527	463
10	0	0	0	0	522	459
11	0	0	0	0	518	455
12	0	0	0	0	513	451
13	0	0	0	0	511	448
14	0	0	0	0	510	444
15	0	0	0	0	509	440
0	0	0	0	0	507	436
1	0	0	0	0	504	432
2	0	0	0	0	501	428
3	0	0	0	0	499	423
4	0	0	0	0	495	419
5	0	0	0	0	494	415
6	0	0	0	0	491	408
7	0	0	0	0	490	397
8	0	0	0	0	491	379
9	0	0	0	0	495	354
10	0	0	0	0	501	331
11	0	0	0	0	510	308
12	0	0	0	0	518	289
13	0	0	0	0	525	273
14	0	0	0	0	530	259
15	0	0	0	0	534	246
0	0	0	0	0	536	232
1	0	0	0	0	536	220
2	0	0	0	0	537	213
3	0	0	0	0	539	210
4	0	0	0	0	542	210
5	0	0	0	0	545	215
6	0	0	0	0	547	221
7	0	0	0	0	547	233
8	0	0	0	0	546	246
9	0	0	0	0	544	260
10	0	0	0	0	540	271
11	0	0	0	0	536	282
12	0	0	0	0	532	291
13	0	0	0	0	528	299
14	0	0	0	0	527	305
15	0	0	0	0	527	312
0	0	0	0	0	526	320
1	0	0	0	0	525	328
2	0	0	0	0	524	335
3	0	0	0	0	526	343
4	0	0	0	0	530	348
5	0	0	0	0	534	352
6	0	0	0	0	540	355
7	0	0	0	0	547	356
8	0	0	0	0	553	357
9	0	0	0	0	557	355
10	0	0	0	0	556	349
11	0	0	0	0	555	339
12	0	0	0	0	548	327
13	0	0	0	0	541	315
14	0	0	0	0	536	306
15	0	0	0	0	532	299
0	0	0	0	0	532	294
1	0	0	0	0	532	289
2	0	0	0	0	530	285
3	0	0	0	0	527	285
4	0	0	0	0	522	287
5	0	0	0	0	516	291
6	0	0	0	0	508	296
7	0	0	0	0	499	302
8	0	0	0	0	491	308
9	0	0	0	0	483	315
10	0	0	0	0	480	322
11	0	0	0	0	480	327
12	0	0	0	0	482	334
13	0	0	0	0	486	339
14	0	0	0	0	492	345
15	0	0	0	0	496	351
0	0	0	0	0	499	356
1	0	0	0	0	499	361
2	0	0	0	0	499	365
3	0	0	0	0	498	369
4	0	0	0	0	497	372
5	0	0	0	0	496	374
6	0	0	0	0	496	376
7	0	0	0	0	497	378
8	0	0	0	0	497	380
9	0	0	0	0	499	383
10	0	0	0	0	502	385
11	0	0	0	0	504	387
12	0	0	0	0	505	389
13	0	0	0	0	507	391
14	0	0	0	0	510	392
15	0	0	0	0	514	392
0	0	0	0	0	517	391
1	0	0	0	0	522	390
2	0	0	0	0	526	389
3	0	0	0	0	528	388
4	0	0	0	0	530	388
5	0	0	0	0	531	389
6	0	0	0	0	530	390
7	0	0	0	0	530	392
8	0	0	0	0	527	395
9	0	0	0	0	526	398
10	0	0	0	0	525	400
11	0	0	0	0	525	401
12	0	0	0	0	527	402
13	0	0	0	0	530	401
14	0	0	0	0	531	400
15	0	0	0	0	533	399
0	0	0	0	0	534	398
1	0	0	0	0	536	395
2	0	0	0	0	536	390
3	0	0	0	0	536	381
4	0	0	0	0	536	370
5	0	0	0	0	531	359
6	0	0	0	0	525	351
7	0	0	0	0	519	347
8	0	0	0	0	513	345
9	0	0	0	0	507	344
10	0	0	0	0	499	348
11	0	0	0	0	491	353
12	0	0	0	0	482	363
13	0	0	0	0	480	376
14	0	0	0	0	483	392
15	0	0	0	0	490	411
0	0	0	0	0	498	429
1	0	0	0	0	505	449
2	0	0	0	0	509	468
3	0	0	0	0	511	488
4	0	0	0	0	508	509
5	0	0	0	0	502	529
6	0	0	0	0	495	548
7	0	0	0	0	489	568
8	0	0	0	0	484	585
9	0	0	0	0	477	602
10	0	0	0	0	463	618
11	0	0	0	0	437	632
12	0	0	0	0	403	647
13	0	0	0	0	367	660
14	0	0	0	0	339	672
15	0	0	0	0	323	683
0	0	0	0	0	322	693
1	0	0	0	0	337	702
2	0	0	0	0	366	711
3	0	0	0	0	407	718
4	0	0	0	0	452	726
5	0	0	0	0	496	732
6	0	0	0	0	536	736
7	0	0	0	0	570	739
8	0	0	0	0	600	742
9	0	0	0	0	622	743
10	0	0	0	0	637	744
11	0	0	0	0	646	746
12	0	0	0	0	647	747
13	0	0	0	0	641	747
14	0	0	0	0	632	746
15	0	0	0	0	618	744
0	0	0	0	0	600	742
1	0	0	0	0	580	739
2	0	0	0	0	557	734
3	0	0	0	0	533	729
4	0	0	0	0	512	724
5	0	0	0	0	492	717
6	0	0	0	0	478	710
7	0	0	0	0	469	703
8	0	0	0	0	467	695
9	0	0	0	0	468	687
10	0	0	0	0	472	679
11	0	0	0	0	476	671
12	0	0	0	0	480	664
13	0	0	0	0	486	654
14	0	0	0	0	493	641
15	0	0	0	0	496	627
0	0	0	0	0	498	610
1	0	0	0	0	497	593
2	0	0	0	0	493	579
3	0	0	0	0	489	566
4	0	0	0	0	487	553
5	0	0	0	0	487	540
6	0	0	0	0	488	528
7	0	0	0	0	489	518
8	0	0	0	0	488	509
9	0	0	0	0	486	502
10	0	0	0	0	483	497
11	0	0	0	0	483	493
12	0	0	0	0	484	490
13	0	0	0	0	490	487
14	0	0	0	0	497	484
15	0	0	0	0	504	481
0	0	0	0	0	512	480
1	0	0	0	0	518	478
2	0	0	0	0	521	476
3	0	0	0	0	523	475
4	0	0	0	0	523	473
5	0	0	0	0	521	471
6	0	0	0	0	518	467
7	0	0	0	0	514	463
8	0	0	0	0	511	459
9	0	0	0	0	508	454
10	0	0	0	0	504	450
11	0	0	0	0	500	445
12	0	0	0	0	494	440
13	0	0	0	0	489	435
14	0	0	0	0	485	430
15	0	0	0	0	483	426
0	0	0	0	0	485	423
1	0	0	0	0	489	420
2	0	0	0	0	496	419
3	0	0	0	0	504	418
4	0	0	0	0	510	419
5	0	0	0	0	516	420
6	0	0	0	0	519	420
7	0	0	0	0	520	421
8	0	0	0	0	519	421
9	0	0	0	0	514	422
10	0	0	0	0	510	421
11	0	0	0	0	506	421
12	0	0	0	0	502	420
13	0	0	0	0	498	420
14	0	0	0	0	497	419
15	0	0	0	0	496	418
0	0	0	0	0	493	417
1	0	0	0	0	489	416
2	0	0	0	0	487	415
3	0	0	0	0	483	414
4	0	0	0	0	480	413
5	0	0	0	0	478	412
6	0	0	0	0	477	413
7	0	0	0	0	478	413
8	0	0	0	0	480	412
9	0	0	0	0	485	412
10	0	0	0	0	490	411
11	0	0	0	0	493	410
12	0	0	0	0	496	410
13	0	0	0	0	499	410
14	0	0	0	0	502	410
15	0	0	0	0	504	410
0	0	0	0	0	508	409
1	0	0	0	0	510	409
2	0	0	0	0	511	409
3	0	0	0	0	512	410
4	0	0	0	0	512	412
5	0	0	0	0	512	412
6	0	0	0	0	512	412
7	0	0	0	0	511	411
8	0	0	0	0	511	410
9	0	0	0	0	511	409
10	0	0	0	0	511	409
11	0	0	0	0	512	409
12	0	0	0	0	513	411
13	0	0	0	0	515	412
14	0	0	0	0	516	415
15	0	0	0	0	517	418
0	0	0	0	0	518	421
1	0	0	0	0	519	424
2	0	0	0	0	519	427
3	0	0	0	0	519	430
4	0	0	0	0	519	433
5	0	0	0	0	519	436
6	0	0	0	0	519	439
7	0	0	0	0	520	442
8	0	0	0	0	520	444
9	0	0	0	0	520	447
10	0	0	0	0	520	449
11	0	0	0	0	519	451
12	0	0	0	0	518	454
13	0	0	0	0	518	456
14	0	0	0	0	518	458
15	0	0	0	0	519	459
0	0	0	0	0	519	460
1	0	0	0	0	519	460
2	0	0	0	0	520	461
3	0	0	0	0	521	461
4	0	0	0	0	521	461
5	0	0	0	0	520	461
6	0	0	0	0	519	460
7	0	0	0	0	518	460
8	0	0	0	0	516	459
9	0	0	0	0	516	458
10	0	0	0	0	515	456
11	0	0	0	0	514	454
12	0	0	0	0	513	452
13	0	0	0	0	513	449
14	0	0	0	0	513	446
15	0	0	0	0	513	444
0	0	0	0	0	514	441
1	0	0	0	0	512	438
2	0	0	0	0	512	436
3	0	0	0	0	511	434
4	0	0	0	0	510	432
5	0	0	0	0	509	431
6	0	0	0	0	509	429
7	0	0	0	0	511	427
8	0	0	0	0	511	425
9	0	0	0	0	511	424
10	0	0	0	0	513	423
11	0	0	0	0	514	423
12	0	0	0	0	514	422
13	0	0	0	0	515	422
14	0	0	0	0	515	422
15	0	0	0	0	514	421
0	0	0	0	0	512	421
1	0	0	0	0	512	420
2	0	0	0	0	512	419
3	0	0	0	0	512	420
4	0	0	0	0	512	421
5	0	0	0	0	511	421
6	0	0	0	0	511	420
7	0	0	0	0	511	419
8	0	0	0	0	509	419
9	0	0	0	0	509	417
10	0	0	0	0	508	417
11	0	0	0	0	507	417
12	0	0	0	0	506	418
13	0	0	0	0	506	419
14	0	0	0	0	507	422
15	0	0	0	0	506	425
0	0	0	0	0	505	429
1	0	0	0	0	506	433
2	0	0	0	0	508	438
3	0	0	0	0	507	441
4	0	0	0	0	508	445
5	0	0	0	0	509	448
6	0	0	0	0	509	452
7	0	0	0	0	510	455
8	0	0	0	0	510	458
9	0	0	0	0	509	461
10	0	0	0	0	509	464
11	0	0	0	0	509	467
12	0	0	0	0	508	470
13	0	0	0	0	507	473
14	0	0	0	0	507	476
15	0	0	0	0	506	479
0	0	0	0	0	505	482
1	0	0	0	0	505	485
2	0	0	0	0	505	488
3	0	0	0	0	505	493
4	0	0	0	0	506	497
5	0	0	0	0	505	502
6	0	0	0	0	506	506
7	0	0	0	0	507	511
8	0	0	0	0	508	515
9	0	0	0	0	509	517
10	0	0	0	0	509	519
11	0	0	0	0	509	521
12	0	0	0	0	509	524
13	0	0	0	0	509	526
14	0	0	0	0	509	527
15	0	0	0	0	509	529
0	0	0	0	0	510	532
1	0	0	0	0	509	534
2	0	0	0	0	509	536
3	0	0	0	0	510	537
4	0	0	0	0	511	539
5	0	0	0	0	510	540
6	0	0	0	0	511	541
7	0	0	0	0	511	542
8	0	0	0	0	511	543
9	0	0	0	0	512	543
10	0	0	0	0	512	543
11	0	0	0	0	512	543
12	0	0	0	0	513	543
13	0	0	0	0	512	543
14	0	0	0	0	512	544
15	0	0	0	0	510	544
0	0	0	0	0	508	544
1	0	0	0	0	507	544
2	0	0	0	0	505	544
3	0	0	0	0	504	545
4	0	0	0	0	504	548
5	0	0	0	0	503	550
6	0	0	0	0	501	550
7	0	0	0	0	504	550
8	0	0	0	0	504	550
9	0	0	0	0	505	550
10	0	0	0	0	505	549
11	0	0	0	0	507	549
12	0	0	0	0	508	550
13	0	0	0	0	510	551
14	0	0	0	0	512	553
15	0	0	0	0	515	556
0	0	0	0	0	516	559
1	0	0	0	0	518	562
2	0	0	0	0	519	565
3	0	0	0	0	519	568
4	0	0	0	0	518	570
5	0	0	0	0	518	573
6	0	0	0	0	517	575
7	0	0	0	0	517	577
8	0	0	0	0	515	579
9	0	0	0	0	513	581
10	0	0	0	0	512	583
11	0	0	0	0	511	584
12	0	0	0	0	510	586
13	0	0	0	0	510	587
14	0	0	0	0	510	588
15	0	0	0	0	511	589
0	0	0	0	0	512	589
1	0	0	0	0	512	589
2	0	0	0	0	512	588
3	0	0	0	0	512	588
4	0	0	0	0	511	588
5	0	0	0	0	510	588
6	0	0	0	0	510	587
7	0	0	0	0	509	586
8	0	0	0	0	509	584
9	0	0	0	0	510	582
10	0	0	0	0	509	579
11	0	0	0	0	509	577
12	0	0	0	0	509	574
13	0	0	0	0	509	571
14	0	0	0	0	510	567
15	0	0	0	0	510	564
0	0	0	0	0	509	561
1	0	0	0	0	510	558
2	0	0	0	0	510	554
3	0	0	0	0	510	551
4	0	0	0	0	511	547
5	0	0	0	0	510	544
6	0	0	0	0	511	541
7	0	0	0	0	512	537
8	0	0	0	0	512	533
9	0	0	0	0	512	529
10	0	0	0	0	512	526
11	0	0	0	0	512	523
12	0	0	0	0	512	520
13	0	0	0	0	511	517
14	0	0	0	0	512	514
15	0	0	0	0	512	511
0	0	0	0	0	512	507
1	0	0	0	0	512	503
2	0	0	0	0	512	499
3	0	0	0	0	513	496
4	0	0	0	0	513	495
5	0	0	0	0	512	491
6	0	0	0	0	512	487
7	0	0	0	0	511	483
8	0	0	0	0	511	478
9	0	0	0	0	510	473
10	0	0	0	0	509	469
11	0	0	0	0	510	465
12	0	0	0	0	511	462
13	0	0	0	0	510	459
14	0	0	0	0	510	456
15	0	0	0	0	511	455
0	0	0	0	0	511	453
1	0	0	0	0	511	451
2	0	0	0	0	511	450
3	0	0	0	0	512	449
4	0	0	0	0	512	448
5	0	0	0	0	512	448
6	0	0	0	0	513	447
7	0	0	0	0	514	446
8	0	0	0	0	515	446
9	0	0	0	0	516	445
10	0	0	0	0	517	444
11	0	0	0	0	517	444
12	0	0	0	0	516	444
13	0	0	0	0	515	444
14	0	0	0	0	515	444
15	0	0	0	0	515	444
0	0	0	0	0	514	444
1	0	0	0	0	512	445
2	0	0	0	0	513	445
3	0	0	0	0	512	446
4	0	0	0	0	512	447
5	0	0	0	0	511	448
6	0	0	0	0	511	448
7	0	0	0	0	510	448
8	0	0	0	0	509	448
9	0	0	0	0	509	448
10	0	0	0	0	509	448
11	0	0	0	0	509	447
12	0	0	0	0	509	447
13	0	0	0	0	509	446
14	0	0	0	0	510	445
15	0	0	0	0	511	445
0	0	0	0	0	510	444
1	0	0	0	0	511	443
2	0	0	0	0	511	443
3	0	0	0	0	512	441
4	0	0	0	0	510	440
5	0	0	0	0	511	439
6	0	0	0	0	511	438
7	0	0	0	0	511	437
8	0	0	0	0	510	435
9	0	0	0	0	510	434
10	0	0	0	0	510	433
11	0	0	0	0	509	432
12	0	0	0	0	508	431
13	0	0	0	0	509	431
14	0	0	0	0	510	430
15	0	0	0	0	510	428
0	0	0	0	0	510	426
1	0	0	0	0	511	425
2	0	0	0	0	509	425
3	0	0	0	0	510	425
4	0	0	0	0	511	424
5	0	0	0	0	512	423
6	0	0	0	0	512	422
7	0	0	0	0	512	421
8	0	0	0	0	512	419
9	0	0	0	0	511	417
10	0	0	0	0	511	416
11	0	0	0	0	511	415
12	0	0	0	0	510	415
13	0	0	0	0	511	415
14	0	0	0	0	510	415
15	0	0	0	0	510	417
0	0	0	0	0	510	419
1	0	0	0	0	510	420
2	0	0	0	0	509	422
3	0	0	0	0	510	422
4	0	0	0	0	511	424
5	0	0	0	0	510	425
6	0	0	0	0	510	427
7	0	0	0	0	511	428
8	0	0	0	0	511	430
9	0	0	0	0	511	431
10	0	0	0	0	511	432
11	0	0	0	0	512	434
12	0	0	0	0	512	436
13	0	0	0	0	511	438
14	0	0	0	0	512	440
15	0	0	0	0	512	441
0	0	0	0	0	512	443
1	0	0	0	0	512	444
2	0	0	0	0	513	446
3	0	0	0	0	512	448
4	0	0	0	0	512	450
5	0	0	0	0	511	451
6	0	0	0	0	511	453
7	0	0	0	0	511	454
8	0	0	0	0	512	455
9	0	0	0	0	512	455
10	0	0	0	0	511	455
11	0	0	0	0	511	455
12	0	0	0	0	511	455
13	0	0	0	0	511	455
14	0	0	0	0	511	455
15	0	0	0	0	511	455
0	0	0	0	0	511	454
1	0	0	0	0	512	453
2	0	0	0	0	511	452
3	0	0	0	0	511	451
4	0	0	0	0	511	449
5	0	0	0	0	511	448
6	0	0	0	0	510	446
7	0	0	0	0	509	444
8	0	0	0	0	508	441
9	0	0	0	0	508	439
10	0	0	0	0	508	437
11	0	0	0	0	509	434
12	0	0	0	0	510	432
13	0	0	0	0	511	430
14	0	0	0	0	511	427
15	0	0	0	0	512	423
0	0	0	0	0	512	420
1	0	0	0	0	512	418
2	0	0	0	0	512	417
3	0	0	0	0	512	415
4	0	0	0	0	512	413
5	0	0	0	0	512	410
6	0	0	0	0	512	407
7	0	0	0	0	512	404
8	0	0	0	0	512	401
9	0	0	0	0	511	399
10	0	0	0	0	511	397
11	0	0	0	0	510	396
12	0	0	0	0	510	396
13	0	0	0	0	510	396
14	0	0	0	0	510	396
15	0	0	0	0	509	397
0	0	0	0	0	508	398
1	0	0	0	0	508	399
2	0	0	0	0	508	400
3	0	0	0	0	508	401
4	0	0	0	0	508	402
5	0	0	0	0	509	402
6	0	0	0	0	508	403
7	0	0	0	0	508	404
8	0	0	0	0	508	405
9	0	0	0	0	509	406
10	0	0	0	0	510	408
11	0	0	0	0	509	409
12	0	0	0	0	510	411
13	0	0	0	0	511	412
14	0	0	0	0	512	414
15	0	0	0	0	512	415
0	0	0	0	0	513	416
1	0	0	0	0	511	418
2	0	0	0	0	510	419
3	0	0	0	0	510	421
4	0	0	0	0	510	423
5	0	0	0	0	509	425
6	0	0	0	0	508	427
7	0	0	0	0	508	428
8	0	0	0	0	508	430
9	0	0	0	0	509	431
10	0	0	0	0	508	432
11	0	0	0	0	510	434
12	0	0	0	0	510	435
13	0	0	0	0	510	436
14	0	0	0	0	511	438
15	0	0	0	0	512	440
0	0	0	0	0	512	442
1	0	0	0	0	511	444
2	0	0	0	0	510	445
3	0	0	0	0	510	447
4	0	0	0	0	510	449
5	0	0	0	0	510	450
6	0	0	0	0	510	452
7	0	0	0	0	509	454
8	0	0	0	0	509	455
9	0	0	0	0	510	457
10	0	0	0	0	509	458
11	0	0	0	0	510	461
12	0	0	0	0	510	463
13	0	0	0	0	511	465
14	0	0	0	0	511	466
15	0	0	0	0	511	468
0	0	0	0	0	511	469
1	0	0	0	0	511	470
2	0	0	0	0	511	470
3	0	0	0	0	512	472
4	0	0	0	0	511	476
5	0	0	0	0	511	477
6	0	0	0	0	511	478
7	0	0	0	0	510	478
8	0	0	0	0	510	477
9	0	0	0	0	510	476
10	0	0	0	0	511	476
11	0	0	0	0	511	477
12	0	0	0	0	512	479
13	0	0	0	0	511	481
14	0	0	0	0	511	483
15	0	0	0	0	511	487
0	0	0	0	0	511	490
1	0	0	0	0	511	494
2	0	0	0	0	512	497
3	0	0	0	0	512	500
4	0	0	0	0	512	504
5	0	0	0	0	511	507
6	0	0	0	0	511	509
7	0	0	0	0	511	512
8	0	0	0	0	511	515
9	0	0	0	0	511	517
10	0	0	0	0	512	519
11	0	0	0	0	512	521
12	0	0	0	0	512	522
13	0	0	0	0	512	524
14	0	0	0	0	511	524
15	0	0	0	0	511	524
0	0	0	0	0	511	524
1	0	0	0	0	510	524
2	0	0	0	0	511	524
3	0	0	0	0	511	524
4	0	0	0	0	511	523
5	0	0	0	0	511	522
6	0	0	0	0	511	520
7	0	0	0	0	511	519
8	0	0	0	0	510	517
9	0	0	0	0	510	516
10	0	0	0	0	510	514
11	0	0	0	0	509	511
12	0	0	0	0	509	507
13	0	0	0	0	509	503
14	0	0	0	0	509	498
15	0	0	0	0	509	493
0	0	0	0	0	510	489
1	0	0	0	0	509	485
2	0	0	0	0	510	481
3	0	0	0	0	511	477
4	0	0	0	0	511	473
5	0	0	0	0	511	470
6	0	0	0	0	512	466
7	0	0	0	0	512	463
8	0	0	0	0	513	459
9	0	0	0	0	513	456
10	0	0	0	0	512	452
11	0	0	0	0	512	450
12	0	0	0	0	512	446
13	0	0	0	0	511	444
14	0	0	0	0	511	441
15	0	0	0	0	510	439
0	0	0	0	0	510	437
1	0	0	0	0	511	435
2	0	0	0	0	509	433
3	0	0	0	0	510	431
4	0	0	0	0	510	428
5	0	0	0	0	510	427
6	0	0	0	0	510	428
7	0	0	0	0	510	427
8	0	0	0	0	510	426
9	0	0	0	0	510	424
10	0	0	0	0	510	421
11	0	0	0	0	510	419
12	0	0	0	0	510	417
13	0	0	0	0	509	415
14	0	0	0	0	509	413
15	0	0	0	0	510	412
0	0	0	0	0	509	412
1	0	0	0	0	509	412
2	0	0	0	0	510	413
3	0	0	0	0	511	415
4	0	0	0	0	511	417
5	0	0	0	0	511	418
6	0	0	0	0	511	420
7	0	0	0	0	510	422
8	0	0	0	0	511	423
9	0	0	0	0	510	425
10	0	0	0	0	511	426
11	0	0	0	0	512	427
12	0	0	0	0	511	428
13	0	0	0	0	510	429
14	0	0	0	0	511	430
15	0	0	0	0	511	431
0	0	0	0	0	511	431
1	0	0	0	0	511	432
2	0	0	0	0	511	432
3	0	0	0	0	511	433
4	0	0	0	0	509	433
5	0	0	0	0	509	434
6	0	0	0	0	511	434
7	0	0	0	0	510	435
8	0	0	0	0	509	435
9	0	0	0	0	508	435
10	0	0	0	0	508	435
11	0	0	0	0	509	434
12	0	0	0	0	509	432
13	0	0	0	0	509	432
14	0	0	0	0	509	430
15	0	0	0	0	509	428
0	0	0	0	0	509	426
1	0	0	0	0	509	425
2	0	0	0	0	510	423
3	0	0	0	0	510	422
4	0	0	0	0	511	420
5	0	0	0	0	511	419
6	0	0	0	0	511	417
7	0	0	0	0	511	415
8	0	0	0	0	511	413
9	0	0	0	0	511	412
10	0	0	0	0	510	409
11	0	0	0	0	510	408
12	0	0	0	0	510	406
13	0	0	0	0	510	404
14	0	0	0	0	509	402
15	0	0	0	0	509	400
0	0	0	0	0	509	397
1	0	0	0	0	507	395
2	0	0	0	0	508	392
3	0	0	0	0	508	389
4	0	0	0	0	509	387
5	0	0	0	0	509	385
6	0	0	0	0	510	383
7	0	0	0	0	511	381
8	0	0	0	0	512	379
9	0	0	0	0	510	376
10	0	0	0	0	509	373
11	0	0	0	0	510	372
12	0	0	0	0	509	371
13	0	0	0	0	508	369
14	0	0	0	0	507	366
15	0	0	0	0	509	363
0	0	0	0	0	510	359
1	0	0	0	0	511	356
2	0	0	0	0	512	353
3	0	0	0	0	512	351
4	0	0	0	0	513	349
5	0	0	0	0	513	349
6	0	0	0	0	513	350
7	0	0	0	0	512	350
8	0	0	0	0	512	352
9	0	0	0	0	511	354
10	0	0	0	0	510	356
11	0	0	0	0	510	358
12	0	0	0	0	510	360
13	0	0	0	0	509	363
14	0	0	0	0	508	366
15	0	0	0	0	508	369
0	0	0	0	0	508	372
1	0	0	0	0	508	374
2	0	0	0	0	507	377
3	0	0	0	0	507	379
4	0	0	0	0	506	382
5	0	0	0	0	505	384
6	0	0	0	0	504	387
7	0	0	0	0	505	389
8	0	0	0	0	504	391
9	0	0	0	0	501	392
10	0	0	0	0	498	393
11	0	0	0	0	496	395
12	0	0	0	0	492	396
13	0	0	0	0	488	398
14	0	0	0	0	482	398
15	0	0	0	0	477	399
0	0	0	0	0	469	399
1	0	0	0	0	461	398
2	0	0	0	0	454	397
3	0	0	0	0	448	396
4	0	0	0	0	443	394
5	0	0	0	0	439	393
6	0	0	0	0	439	391
7	0	0	0	0	442	389
8	0	0	0	0	449	387
9	0	0	0	0	462	386
10	0	0	0	0	478	384
11	0	0	0	0	504	383
12	0	0	0	0	534	381
13	0	0	0	0	569	379
14	0	0	0	0	607	377
15	0	0	0	0	644	376
0	0	0	0	0	679	374
1	0	0	0	0	707	371
2	0	0	0	0	729	371
3	0	0	0	0	743	368
4	0	0	0	0	745	368
5	0	0	0	0	740	367
6	0	0	0	0	729	366
7	0	0	0	0	712	365
8	0	0	0	0	691	363
9	0	0	0	0	666	363
10	0	0	0	0	640	361
11	0	0	0	0	615	360
12	0	0	0	0	590	359
13	0	0	0	0	569	359
14	0	0	0	0	551	359
15	0	0	0	0	536	358
0	0	0	0	0	526	357
1	0	0	0	0	518	356
2	0	0	0	0	515	355
3	0	0	0	0	516	356
4	0	0	0	0	518	358
5	0	0	0	0	523	357
6	0	0	0	0	530	358
7	0	0	0	0	539	358
8	0	0	0	0	547	356
9	0	0	0	0	553	356
10	0	0	0	0	556	357
11	0	0	0	0	558	359
12	0	0	0	0	557	361
13	0	0	0	0	553	364
14	0	0	0	0	549	368
15	0	0	0	0	542	371
0	0	0	0	0	533	376
1	0	0	0	0	528	381
2	0	0	0	0	524	386
3	0	0	0	0	524	391
4	0	0	0	0	530	396
5	0	0	0	0	545	401
6	0	0	0	0	567	406
7	0	0	0	0	598	411
8	0	0	0	0	633	416
9	0	0	0	0	674	422
10	0	0	0	0	716	427
11	0	0	0	0	755	432
12	0	0	0	0	789	436
13	0	0	0	0	817	442
14	0	0	0	0	835	447
15	0	0	0	0	843	450
0	0	0	0	0	839	455
1	0	0	0	0	827	460
2	0	0	0	0	806	464
3	0	0	0	0	777	468
4	0	0	0	0	745	472
5	0	0	0	0	711	476
6	0	0	0	0	676	480
7	0	0	0	0	641	483
8	0	0	0	0	609	485
9	0	0	0	0	580	487
10	0	0	0	0	555	489
11	0	0	0	0	534	489
12	0	0	0	0	520	491
13	0	0	0	0	512	492
14	0	0	0	0	510	492
15	0	0	0	0	514	492
0	0	0	0	0	524	492
1	0	0	0	0	538	492
2	0	0	0	0	554	492
3	0	0	0	0	572	492
4	0	0	0	0	588	492
5	0	0	0	0	603	492
6	0	0	0	0	615	491
7	0	0	0	0	625	491
8	0	0	0	0	629	491
9	0	0	0	0	628	491
10	0	0	0	0	624	490
11	0	0	0	0	615	490
12	0	0	0	0	604	489
13	0	0	0	0	588	488
14	0	0	0	0	574	488
15	0	0	0	0	557	487
0	0	0	0	0	540	487
1	0	0	0	0	526	486
2	0	0	0	0	513	485
3	0	0	0	0	502	485
4	0	0	0	0	493	484
5	0	0	0	0	486	483
6	0	0	0	0	481	482
7	0	0	0	0	480	482
8	0	0	0	0	480	480
9	0	0	0	0	482	479
10	0	0	0	0	484	476
11	0	0	0	0	489	474
12	0	0	0	0	493	473
13	0	0	0	0	497	472
14	0	0	0	0	503	470
15	0	0	0	0	508	467
0	0	0	0	0	511	463
1	0	0	0	0	515	460
2	0	0	0	0	518	456
3	0	0	0	0	520	452
4	0	0	0	0	520	450
5	0	0	0	0	519	448
6	0	0	0	0	518	448
7	0	0	0	0	516	448
8	0	0	0	0	512	447
9	0	0	0	0	508	447
10	0	0	0	0	504	447
11	0	0	0	0	502	447
12	0	0	0	0	503	446
13	0	0	0	0	510	446
14	0	0	0	0	527	445
15	0	0	0	0	554	444
0	0	0	0	0	590	442
1	0	0	0	0	633	440
2	0	0	0	0	683	438
3	0	0	0	0	733	438
4	0	0	0	0	780	438
5	0	0	0	0	817	438
6	0	0	0	0	846	437
7	0	0	0	0	862	437
8	0	0	0	0	864	437
9	0	0	0	0	853	436
10	0	0	0	0	831	436
11	0	0	0	0	799	436
12	0	0	0	0	758	436
13	0	0	0	0	714	437
14	0	0	0	0	668	437
15	0	0	0	0	622	437
0	0	0	0	0	579	437
1	0	0	0	0	540	437
2	0	0	0	0	506	436
3	0	0	0	0	478	436
4	0	0	0	0	456	435
5	0	0	0	0	442	434
6	0	0	0	0	436	433
7	0	0	0	0	440	432
8	0	0	0	0	450	432
9	0	0	0	0	466	431
10	0	0	0	0	487	431
11	0	0	0	0	511	430
12	0	0	0	0	533	429
13	0	0	0	0	553	429
14	0	0	0	0	572	428
15	0	0	0	0	587	427
0	0	0	0	0	596	426
1	0	0	0	0	599	425
2	0	0	0	0	596	425
3	0	0	0	0	591	424
4	0	0	0	0	580	424
5	0	0	0	0	567	423
6	0	0	0	0	551	423
7	0	0	0	0	534	422
8	0	0	0	0	516	421
9	0	0	0	0	500	420
10	0	0	0	0	484	420
11	0	0	0	0	472	419
12	0	0	0	0	461	418
13	0	0	0	0	451	417
14	0	0	0	0	447	416
15	0	0	0	0	444	415
0	0	0	0	0	442	414
1	0	0	0	0	441	412
2	0	0	0	0	444	410
3	0	0	0	0	448	409
4	0	0	0	0	454	410
5	0	0	0	0	460	409
6	0	0	0	0	466	407
7	0	0	0	0	474	405
8	0	0	0	0	480	401
9	0	0	0	0	485	399
10	0	0	0	0	488	396
11	0	0	0	0	492	393
12	0	0	0	0	493	391
13	0	0	0	0	491	391
14	0	0	0	0	489	390
15	0	0	0	0	487	390
0	0	0	0	0	485	391
1	0	0	0	0	482	391
2	0	0	0	0	480	392
3	0	0	0	0	479	394
4	0	0	0	0	483	395
5	0	0	0	0	495	396
6	0	0	0	0	518	397
7	0	0	0	0	551	398
8	0	0	0	0	594	399
9	0	0	0	0	645	399
10	0	0	0	0	700	400
11	0	0	0	0	754	401
12	0	0	0	0	800	402
13	0	0	0	0	836	402
14	0	0	0	0	859	403
15	0	0	0	0	867	404
0	0	0	0	0	859	405
1	0	0	0	0	837	403
2	0	0	0	0	804	405
3	0	0	0	0	762	406
4	0	0	0	0	715	407
5	0	0	0	0	664	408
6	0	0	0	0	612	408
7	0	0	0	0	565	408
8	0	0	0	0	523	408
9	0	0	0	0	486	408
10	0	0	0	0	455	408
11	0	0	0	0	429	407
12	0	0	0	0	415	406
13	0	0	0	0	408	405
14	0	0	0	0	409	404
15	0	0	0	0	415	403
0	0	0	0	0	429	401
1	0	0	0	0	447	400
2	0	0	0	0	469	399
3	0	0	0	0	492	399
4	0	0	0	0	516	398
5	0	0	0	0	539	397
6	0	0	0	0	557	396
7	0	0	0	0	573	395
8	0	0	0	0	582	394
9	0	0	0	0	586	393
10	0	0	0	0	585	393
11	0	0	0	0	579	392
12	0	0	0	0	569	392
13	0	0	0	0	556	391
14	0	0	0	0	540	391
15	0	0	0	0	524	391
0	0	0	0	0	507	390
1	0	0	0	0	491	390
2	0	0	0	0	475	389
3	0	0	0	0	462	389
4	0	0	0	0	451	389
5	0	0	0	0	442	389
6	0	0	0	0	435	389
7	0	0	0	0	432	389
8	0	0	0	0	429	389
9	0	0	0	0	429	388
10	0	0	0	0	433	387
11	0	0	0	0	436	387
12	0	0	0	0	440	388
13	0	0	0	0	445	390
14	0	0	0	0	451	389
15	0	0	0	0	458	389
0	0	0	0	0	463	388
1	0	0	0	0	469	387
2	0	0	0	0	474	385
3	0	0	0	0	478	385
4	0	0	0	0	480	385
5	0	0	0	0	480	386
6	0	0	0	0	479	388
7	0	0	0	0	478	391
8	0	0	0	0	475	393
9	0	0	0	0	472	397
10	0	0	0	0	472	400
11	0	0	0	0	471	403
12	0	0	0	0	474	407
13	0	0	0	0	483	410
14	0	0	0	0	501	414
15	0	0	0	0	529	417
0	0	0	0	0	566	421
1	0	0	0	0	611	424
2	0	0	0	0	663	428
3	0	0	0	0	715	432
4	0	0	0	0	762	435
5	0	0	0	0	803	438
6	0	0	0	0	830	441
7	0	0	0	0	844	444
8	0	0	0	0	842	448
9	0	0	0	0	827	449
10	0	0	0	0	799	453
11	0	0	0	0	761	455
12	0	0	0	0	715	459
13	0	0	0	0	665	462
14	0	0	0	0	615	464
15	0	0	0	0	566	467
0	0	0	0	0	520	469
1	0	0	0	0	479	470
2	0	0	0	0	445	472
3	0	0	0	0	418	472
4	0	0	0	0	399	473
5	0	0	0	0	387	473
6	0	0	0	0	383	472
7	0	0	0	0	388	472
8	0	0	0	0	399	472
9	0	0	0	0	416	472
10	0	0	0	0	436	472
11	0	0	0	0	461	472
12	0	0	0	0	487	471
13	0	0	0	0	511	471
14	0	0	0	0	534	470
15	0	0	0	0	553	470
0	0	0	0	0	567	470
1	0	0	0	0	575	469
2	0	0	0	0	579	467
3	0	0	0	0	578	467
4	0	0	0	0	572	466
5	0	0	0	0	562	465
6	0	0	0	0	547	464
7	0	0	0	0	531	463
8	0	0	0	0	514	462
9	0	0	0	0	496	460
10	0	0	0	0	480	459
11	0	0	0	0	467	457
12	0	0	0	0	454	456
13	0	0	0	0	442	454
14	0	0	0	0	435	453
15	0	0	0	0	430	451
0	0	0	0	0	426	450
1	0	0	0	0	425	448
2	0	0	0	0	426	447
3	0	0	0	0	428	444
4	0	0	0	0	435	442
5	0	0	0	0	449	440
6	0	0	0	0	469	439
7	0	0	0	0	489	438
8	0	0	0	0	504	435
9	0	0	0	0	515	433
10	0	0	0	0	522	429
11	0	0	0	0	526	425
12	0	0	0	0	525	422
13	0	0	0	0	520	419
14	0	0	0	0	512	416
15	0	0	0	0	503	415
0	0	0	0	0	492	414
1	0	0	0	0	478	414
2	0	0	0	0	464	415
3	0	0	0	0	453	416
4	0	0	0	0	444	417
5	0	0	0	0	436	418
6	0	0	0	0	432	419
7	0	0	0	0	437	420
8	0	0	0	0	450	420
9	0	0	0	0	474	421
10	0	0	0	0	511	422
11	0	0	0	0	558	423
12	0	0	0	0	611	424
13	0	0	0	0	667	425
14	0	0	0	0	719	425
15	0	0	0	0	764	427
0	0	0	0	0	797	428
1	0	0	0	0	817	427
2	0	0	0	0	821	428
3	0	0	0	0	812	429
4	0	0	0	0	788	428
5	0	0	0	0	753	430
6	0	0	0	0	709	430
7	0	0	0	0	661	431
8	0	0	0	0	609	431
9	0	0	0	0	558	432
10	0	0	0	0	510	431
11	0	0	0	0	467	431
12	0	0	0	0	429	430
13	0	0	0	0	398	429
14	0	0	0	0	377	428
15	0	0	0	0	365	427
0	0	0	0	0	361	425
1	0	0	0	0	366	423
2	0	0	0	0	378	422
3	0	0	0	0	396	421
4	0	0	0	0	419	419
5	0	0	0	0	446	418
6	0	0	0	0	474	417
7	0	0	0	0	502	416
8	0	0	0	0	527	415
9	0	0	0	0	547	413
10	0	0	0	0	565	412
11	0	0	0	0	576	411
12	0	0	0	0	582	410
13	0	0	0	0	581	409
14	0	0	0	0	573	408
15	0	0	0	0	563	408
0	0	0	0	0	550	407
1	0	0	0	0	533	406
2	0	0	0	0	516	406
3	0	0	0	0	499	405
4	0	0	0	0	481	404
5	0	0	0	0	465	404
6	0	0	0	0	453	403
7	0	0	0	0	441	402
8	0	0	0	0	431	402
9	0	0	0	0	422	401
10	0	0	0	0	417	401
11	0	0	0	0	412	400
12	0	0	0	0	408	399
13	0	0	0	0	408	397
14	0	0	0	0	410	396
15	0	0	0	0	412	395
0	0	0	0	0	416	396
1	0	0	0	0	418	395
2	0	0	0	0	417	393
3	0	0	0	0	416	391
4	0	0	0	0	414	389
5	0	0	0	0	414	386
6	0	0	0	0	416	384
7	0	0	0	0	419	383
8	0	0	0	0	423	382
9	0	0	0	0	430	382
10	0	0	0	0	438	383
11	0	0	0	0	445	385
12	0	0	0	0	451	387
13	0	0	0	0	456	388
14	0	0	0	0	463	390
15	0	0	0	0	468	392
0	0	0	0	0	478	394
1	0	0	0	0	496	396
2	0	0	0	0	519	399
3	0	0	0	0	552	402
4	0	0	0	0	593	405
5	0	0	0	0	642	408
6	0	0	0	0	691	412
7	0	0	0	0	737	415
8	0	0	0	0	776	419
9	0	0	0	0	806	422
10	0	0	0	0	821	424
11	0	0	0	0	822	427
12	0	0	0	0	809	430
13	0	0	0	0	783	432
14	0	0	0	0	749	435
15	0	0	0	0	705	439
0	0	0	0	0	658	441
1	0	0	0	0	607	445
2	0	0	0	0	558	448
3	0	0	0	0	509	450
4	0	0	0	0	466	452
5	0	0	0	0	429	453
6	0	0	0	0	401	454
7	0	0	0	0	378	455
8	0	0	0	0	365	456
9	0	0	0	0	359	457
10	0	0	0	0	362	457
11	0	0	0	0	374	457
12	0	0	0	0	391	458
13	0	0	0	0	412	458
14	0	0	0	0	437	459
15	0	0	0	0	465	459
0	0	0	0	0	492	460
1	0	0	0	0	518	460
2	0	0	0	0	540	460
3	0	0	0	0	558	460
4	0	0	0	0	570	461
5	0	0	0	0	575	461
6	0	0	0	0	575	461
7	0	0	0	0	568	462
8	0	0	0	0	558	462
9	0	0	0	0	543	463
10	0	0	0	0	526	463
11	0	0	0	0	507	463
12	0	0	0	0	488	463
13	0	0	0	0	470	463
14	0	0	0	0	454	463
15	0	0	0	0	440	463
0	0	0	0	0	428	463
1	0	0	0	0	421	463
2	0	0	0	0	416	464
3	0	0	0	0	414	464
4	0	0	0	0	413	463
5	0	0	0	0	415	462
6	0	0	0	0	420	461
7	0	0	0	0	425	461
8	0	0	0	0	431	461
9	0	0	0	0	437	460
10	0	0	0	0	444	458
11	0	0	0	0	450	455
12	0	0	0	0	456	452
13	0	0	0	0	463	450
14	0	0	0	0	470	447
15	0	0	0	0	475	446
0	0	0	0	0	478	445
1	0	0	0	0	480	445
2	0	0	0	0	480	446
3	0	0	0	0	479	447
4	0	0	0	0	478	448
5	0	0	0	0	476	449
6	0	0	0	0	474	451
7	0	0	0	0	475	451
8	0	0	0	0	480	452
9	0	0	0	0	495	453
10	0	0	0	0	518	454
11	0	0	0	0	552	455
12	0	0	0	0	594	455
13	0	0	0	0	641	456
14	0	0	0	0	691	456
15	0	0	0	0	734	455
0	0	0	0	0	771	457
1	0	0	0	0	796	455
2	0	0	0	0	807	455
3	0	0	0	0	806	455
4	0	0	0	0	791	454
5	0	0	0	0	764	453
6	0	0	0	0	727	451
7	0	0	0	0	684	451
8	0	0	0	0	637	450
9	0	0	0	0	588	449
10	0	0	0	0	540	448
11	0	0	0	0	494	447
12	0	0	0	0	455	445
13	0	0	0	0	423	443
14	0	0	0	0	396	440
15	0	0	0	0	377	437
0	0	0	0	0	366	433
1	0	0	0	0	364	430
2	0	0	0	0	370	426
3	0	0	0	0	384	423
4	0	0	0	0	403	420
5	0	0	0	0	429	417
6	0	0	0	0	456	415
7	0	0	0	0	483	413
8	0	0	0	0	511	412
9	0	0	0	0	537	410
10	0	0	0	0	558	408
11	0	0	0	0	573	407
12	0	0	0	0	583	405
13	0	0	0	0	590	405
14	0	0	0	0	589	403
15	0	0	0	0	583	402
0	0	0	0	0	571	401
1	0	0	0	0	557	400
2	0	0	0	0	539	398
3	0	0	0	0	520	397
4	0	0	0	0	502	396
5	0	0	0	0	483	395
6	0	0	0	0	466	394
7	0	0	0	0	450	393
8	0	0	0	0	438	392
9	0	0	0	0	428	390
10	0	0	0	0	422	388
11	0	0	0	0	417	386
12	0	0	0	0	417	386
13	0	0	0	0	417	386
14	0	0	0	0	422	385
15	0	0	0	0	427	383
0	0	0	0	0	434	381
1	0	0	0	0	440	378
2	0	0	0	0	447	376
3	0	0	0	0	455	374
4	0	0	0	0	463	373
5	0	0	0	0	469	372
6	0	0	0	0	473	372
7	0	0	0	0	476	373
8	0	0	0	0	476	374
9	0	0	0	0	476	376
10	0	0	0	0	476	378
11	0	0	0	0	478	379
12	0	0	0	0	482	381
13	0	0	0	0	492	383
14	0	0	0	0	510	385
15	0	0	0	0	540	387
0	0	0	0	0	579	388
1	0	0	0	0	625	391
2	0	0	0	0	676	391
3	0	0	0	0	725	394
4	0	0	0	0	770	395
5	0	0	0	0	806	397
6	0	0	0	0	827	398
7	0	0	0	0	836	399
8	0	0	0	0	829	400
9	0	0	0	0	809	400
10	0	0	0	0	778	401
11	0	0	0	0	737	403
12	0	0	0	0	691	404
13	0	0	0	0	640	406
14	0	0	0	0	590	407
15	0	0	0	0	541	408
0	0	0	0	0	497	409
1	0	0	0	0	457	409
2	0	0	0	0	425	409
3	0	0	0	0	400	409
4	0	0	0	0	382	409
5	0	0	0	0	372	408
6	0	0	0	0	372	408
7	0	0	0	0	380	407
8	0	0	0	0	393	407
9	0	0	0	0	413	406
10	0	0	0	0	437	406
11	0	0	0	0	464	405
12	0	0	0	0	492	404
13	0	0	0	0	517	403
14	0	0	0	0	539	402
15	0	0	0	0	556	401
0	0	0	0	0	568	400
1	0	0	0	0	573	399
2	0	0	0	0	572	399
3	0	0	0	0	567	398
4	0	0	0	0	558	398
5	0	0	0	0	545	397
6	0	0	0	0	529	396
7	0	0	0	0	512	395
8	0	0	0	0	495	395
9	0	0	0	0	477	394
10	0	0	0	0	462	393
11	0	0	0	0	448	392
12	0	0	0	0	436	392
13	0	0	0	0	428	392
14	0	0	0	0	421	392
15	0	0	0	0	416	391
0	0	0	0	0	414	390
1	0	0	0	0	413	388
2	0	0	0	0	416	389
3	0	0	0	0	420	390
4	0	0	0	0	426	389
5	0	0	0	0	432	388
6	0	0	0	0	439	386
7	0	0	0	0	446	383
8	0	0	0	0	453	381
9	0	0	0	0	458	380
10	0	0	0	0	463	379
11	0	0	0	0	468	379
12	0	0	0	0	471	380
13	0	0	0	0	471	381
14	0	0	0	0	472	383
15	0	0	0	0	472	385
0	0	0	0	0	471	387
1	0	0	0	0	472	388
2	0	0	0	0	478	390
3	0	0	0	0	489	391
4	0	0	0	0	509	393
5	0	0	0	0	540	396
6	0	0	0	0	581	397
7	0	0	0	0	631	399
8	0	0	0	0	681	400
9	0	0	0	0	732	403
10	0	0	0	0	779	403
11	0	0	0	0	814	407
12	0	0	0	0	836	410
13	0	0	0	0	844	413
14	0	0	0	0	836	415
15	0	0	0	0	814	418
0	0	0	0	0	782	421
1	0	0	0	0	739	425
2	0	0	0	0	691	429
3	0	0	0	0	640	433
4	0	0	0	0	588	436
5	0	0	0	0	538	440
6	0	0	0	0	492	443
7	0	0	0	0	451	446
8	0	0	0	0	416	449
9	0	0	0	0	390	451
10	0	0	0	0	373	454
11	0	0	0	0	364	455
12	0	0	0	0	364	457
13	0	0	0	0	373	459
14	0	0	0	0	388	460
15	0	0	0	0	408	461
0	0	0	0	0	431	463
1	0	0	0	0	459	464
2	0	0	0	0	486	465
3	0	0	0	0	511	466
4	0	0	0	0	533	467
5	0	0	0	0	551	467
6	0	0	0	0	561	468
7	0	0	0	0	566	469
8	0	0	0	0	566	470
9	0	0	0	0	561	471
10	0	0	0	0	551	471
11	0	0	0	0	539	471
12	0	0	0	0	523	471
13	0	0	0	0	507	471
14	0	0	0	0	487	471
15	0	0	0	0	471	471
0	0	0	0	0	454	472
1	0	0	0	0	439	472
2	0	0	0	0	427	472
3	0	0	0	0	420	472
4	0	0	0	0	416	472
5	0	0	0	0	414	471
6	0	0	0	0	413	469
7	0	0	0	0	417	468
8	0	0	0	0	422	469
9	0	0	0	0	428	469
10	0	0	0	0	434	467
11	0	0	0	0	441	466
12	0	0	0	0	448	463
13	0	0	0	0	453	460
14	0	0	0	0	459	458
15	0	0	0	0	463	456
0	0	0	0	0	467	455
1	0	0	0	0	469	456
2	0	0	0	0	469	457
3	0	0	0	0	470	460
4	0	0	0	0	469	462
5	0	0	0	0	468	464
6	0	0	0	0	467	466
7	0	0	0	0	468	467
8	0	0	0	0	473	469
9	0	0	0	0	486	470
10	0	0	0	0	508	471
11	0	0	0	0	542	473
12	0	0	0	0	584	473
13	0	0	0	0	633	474
14	0	0	0	0	685	475
15	0	0	0	0	736	476
0	0	0	0	0	778	477
1	0	0	0	0	810	478
2	0	0	0	0	829	478
3	0	0	0	0	833	476
4	0	0	0	0	822	476
5	0	0	0	0	796	475
6	0	0	0	0	760	475
7	0	0	0	0	716	475
8	0	0	0	0	666	474
9	0	0	0	0	614	473
10	0	0	0	0	564	472
11	0	0	0	0	515	470
12	0	0	0	0	469	469
13	0	0	0	0	430	466
14	0	0	0	0	400	464
15	0	0	0	0	377	461
0	0	0	0	0	363	459
1	0	0	0	0	359	456
2	0	0	0	0	362	453
3	0	0	0	0	376	450
4	0	0	0	0	397	448
5	0	0	0	0	424	445
6	0	0	0	0	454	442
7	0	0	0	0	487	440
8	0	0	0	0	516	437
9	0	0	0	0	543	435
10	0	0	0	0	565	432
11	0	0	0	0	579	430
12	0	0	0	0	585	427
13	0	0	0	0	586	425
14	0	0	0	0	581	423
15	0	0	0	0	571	421
0	0	0	0	0	557	419
1	0	0	0	0	540	417
2	0	0	0	0	520	415
3	0	0	0	0	500	414
4	0	0	0	0	481	412
5	0	0	0	0	462	410
6	0	0	0	0	446	409
7	0	0	0	0	432	407
8	0	0	0	0	423	405
9	0	0	0	0	416	403
10	0	0	0	0	413	400
11	0	0	0	0	412	399
12	0	0	0	0	413	400
13	0	0	0	0	417	399
14	0	0	0	0	423	396
15	0	0	0	0	430	394
0	0	0	0	0	439	391
1	0	0	0	0	446	388
2	0	0	0	0	452	386
3	0	0	0	0	459	384
4	0	0	0	0	464	383
5	0	0	0	0	468	383
6	0	0	0	0	470	384
7	0	0	0	0	472	385
8	0	0	0	0	473	387
9	0	0	0	0	473	389
10	0	0	0	0	473	391
11	0	0	0	0	476	393
12	0	0	0	0	483	396
13	0	0	0	0	499	398
14	0	0	0	0	526	401
15	0	0	0	0	563	404
0	0	0	0	0	611	408
1	0	0	0	0	664	411
2	0	0	0	0	719	415
3	0	0	0	0	771	418
4	0	0	0	0	815	421
5	0	0	0	0	848	425
6	0	0	0	0	864	429
7	0	0	0	0	866	433
8	0	0	0	0	851	436
9	0	0	0	0	821	440
10	0	0	0	0	780	443
11	0	0	0	0	731	447
12	0	0	0	0	676	451
13	0	0	0	0	621	455
14	0	0	0	0	566	459
15	0	0	0	0	515	462
0	0	0	0	0	469	464
1	0	0	0	0	432	466
2	0	0	0	0	401	468
3	0	0	0	0	377	469
4	0	0	0	0	364	470
5	0	0	0	0	360	471
6	0	0	0	0	365	472
7	0	0	0	0	380	473
8	0	0	0	0	400	473
9	0	0	0	0	429	474
10	0	0	0	0	460	475
11	0	0	0	0	492	475
12	0	0	0	0	520	476
13	0	0	0	0	546	476
14	0	0	0	0	566	477
15	0	0	0	0	580	477
0	0	0	0	0	587	477
1	0	0	0	0	588	477
2	0	0	0	0	582	477
3	0	0	0	0	569	477
4	0	0	0	0	553	477
5	0	0	0	0	535	476
6	0	0	0	0	515	476
7	0	0	0	0	495	476
8	0	0	0	0	477	476
9	0	0	0	0	460	476
10	0	0	0	0	444	475
11	0	0	0	0	430	475
12	0	0	0	0	419	475
13	0	0	0	0	411	475
14	0	0	0	0	406	473
15	0	0	0	0	405	472
0	0	0	0	0	407	470
1	0	0	0	0	411	469
2	0	0	0	0	418	469
3	0	0	0	0	427	467
4	0	0	0	0	437	465
5	0	0	0	0	446	462
6	0	0	0	0	456	458
7	0	0	0	0	463	455
8	0	0	0	0	470	451
9	0	0	0	0	475	448
10	0	0	0	0	476	447
11	0	0	0	0	477	446
12	0	0	0	0	477	446
13	0	0	0	0	476	447
14	0	0	0	0	472	448
15	0	0	0	0	471	449
0	0	0	0	0	469	451
1	0	0	0	0	472	451
2	0	0	0	0	480	452
3	0	0	0	0	500	452
4	0	0	0	0	531	453
5	0	0	0	0	575	454
6	0	0	0	0	626	454
7	0	0	0	0	687	455
8	0	0	0	0	746	456
9	0	0	0	0	803	456
10	0	0	0	0	848	456
11	0	0	0	0	880	455
12	0	0	0	0	893	456
13	0	0	0	0	890	455
14	0	0	0	0	872	454
15	0	0	0	0	839	454
0	0	0	0	0	794	454
1	0	0	0	0	741	453
2	0	0	0	0	684	454
3	0	0	0	0	624	454
4	0	0	0	0	568	453
5	0	0	0	0	514	452
6	0	0	0	0	466	451
7	0	0	0	0	428	449
8	0	0	0	0	396	448
9	0	0	0	0	376	447
10	0	0	0	0	365	446
11	0	0	0	0	365	444
12	0	0	0	0	375	443
13	0	0	0	0	393	442
14	0	0	0	0	416	442
15	0	0	0	0	445	441
0	0	0	0	0	476	442
1	0	0	0	0	507	443
2	0	0	0	0	535	444
3	0	0	0	0	558	444
4	0	0	0	0	575	445
5	0	0	0	0	586	446
6	0	0	0	0	590	448
7	0	0	0	0	587	451
8	0	0	0	0	578	454
9	0	0	0	0	565	457
10	0	0	0	0	547	460
11	0	0	0	0	528	464
12	0	0	0	0	507	467
13	0	0	0	0	486	472
14	0	0	0	0	466	476
15	0	0	0	0	449	480
0	0	0	0	0	435	484
1	0	0	0	0	423	487
2	0	0	0	0	416	491
3	0	0	0	0	410	495
4	0	0	0	0	407	497
5	0	0	0	0	407	499
6	0	0	0	0	409	501
7	0	0	0	0	415	504
8	0	0	0	0	419	507
9	0	0	0	0	423	509
10	0	0	0	0	431	511
11	0	0	0	0	438	511
12	0	0	0	0	442	511
13	0	0	0	0	446	512
14	0	0	0	0	451	513
15	0	0	0	0	455	515
0	0	0	0	0	456	518
1	0	0	0	0	457	522
2	0	0	0	0	459	527
3	0	0	0	0	459	532
4	0	0	0	0	458	537
5	0	0	0	0	456	543
6	0	0	0	0	457	548
7	0	0	0	0	461	553
8	0	0	0	0	470	559
9	0	0	0	0	487	563
10	0	0	0	0	519	568
11	0	0	0	0	562	572
12	0	0	0	0	614	577
13	0	0	0	0	674	581
14	0	0	0	0	735	585
15	0	0	0	0	792	589
0	0	0	0	0	839	593
1	0	0	0	0	872	596
2	0	0	0	0	890	599
3	0	0	0	0	892	602
4	0	0	0	0	876	604
5	0	0	0	0	846	606
6	0	0	0	0	805	608
7	0	0	0	0	754	610
8	0	0	0	0	699	611
9	0	0	0	0	642	612
10	0	0	0	0	585	612
11	0	0	0	0	531	611
12	0	0	0	0	483	610
13	0	0	0	0	441	609
14	0	0	0	0	405	607
15	0	0	0	0	380	605
0	0	0	0	0	363	603
1	0	0	0	0	355	600
2	0	0	0	0	358	597
3	0	0	0	0	371	594
4	0	0	0	0	391	590
5	0	0	0	0	415	586
6	0	0	0	0	446	582
7	0	0	0	0	478	576
8	0	0	0	0	510	572
9	0	0	0	0	538	566
10	0	0	0	0	562	560
11	0	0	0	0	579	554
12	0	0	0	0	590	548
13	0	0	0	0	594	542
14	0	0	0	0	590	536
15	0	0	0	0	579	531
0	0	0	0	0	564	525
1	0	0	0	0	546	518
2	0	0	0	0	524	512
3	0	0	0	0	503	506
4	0	0	0	0	480	500
5	0	0	0	0	461	495
6	0	0	0	0	442	489
7	0	0	0	0	428	484
8	0	0	0	0	416	478
9	0	0	0	0	408	473
10	0	0	0	0	403	467
11	0	0	0	0	399	463
12	0	0	0	0	400	459
13	0	0	0	0	403	454
14	0	0	0	0	408	447
15	0	0	0	0	414	439
0	0	0	0	0	421	431
1	0	0	0	0	429	423
2	0	0	0	0	437	417
3	0	0	0	0	444	411
4	0	0	0	0	451	407
5	0	0	0	0	458	403
6	0	0	0	0	463	401
7	0	0	0	0	468	399
8	0	0	0	0	470	398
9	0	0	0	0	471	398
10	0	0	0	0	472	397
11	0	0	0	0	473	398
12	0	0	0	0	481	398
13	0	0	0	0	494	399
14	0	0	0	0	519	399
15	0	0	0	0	557	401
0	0	0	0	0	606	402
1	0	0	0	0	663	403
2	0	0	0	0	723	405
3	0	0	0	0	782	406
4	0	0	0	0	833	408
5	0	0	0	0	872	410
6	0	0	0	0	895	411
7	0	0	0	0	899	412
8	0	0	0	0	888	412
9	0	0	0	0	861	413
10	0	0	0	0	822	415
11	0	0	0	0	772	417
12	0	0	0	0	717	418
13	0	0	0	0	657	420
14	0	0	0	0	597	422
15	0	0	0	0	543	423
0	0	0	0	0	490	423
1	0	0	0	0	444	423
2	0	0	0	0	406	423
3	0	0	0	0	377	422
4	0	0	0	0	357	422
5	0	0	0	0	350	421
6	0	0	0	0	352	419
7	0	0	0	0	364	418
8	0	0	0	0	382	416
9	0	0	0	0	409	414
10	0	0	0	0	439	413
11	0	0	0	0	472	411
12	0	0	0	0	502	409
13	0	0	0	0	530	407
14	0	0	0	0	552	404
15	0	0	0	0	568	402
0	0	0	0	0	579	399
1	0	0	0	0	582	395
2	0	0	0	0	579	392
3	0	0	0	0	569	389
4	0	0	0	0	555	385
5	0	0	0	0	537	383
6	0	0	0	0	517	379
7	0	0	0	0	497	376
8	0	0	0	0	476	374
9	0	0	0	0	457	372
10	0	0	0	0	440	369
11	0	0	0	0	425	367
12	0	0	0	0	414	363
13	0	0	0	0	406	359
14	0	0	0	0	400	355
15	0	0	0	0	398	352
0	0	0	0	0	399	351
1	0	0	0	0	403	349
2	0	0	0	0	407	346
3	0	0	0	0	414	344
4	0	0	0	0	423	340
5	0	0	0	0	432	336
6	0	0	0	0	440	333
7	0	0	0	0	447	330
8	0	0	0	0	454	327
9	0	0	0	0	460	326
10	0	0	0	0	464	325
11	0	0	0	0	466	326
12	0	0	0	0	467	326
13	0	0	0	0	466	327
14	0	0	0	0	465	328
15	0	0	0	0	466	329
0	0	0	0	0	475	331
1	0	0	0	0	492	333
2	0	0	0	0	522	335
3	0	0	0	0	566	336
4	0	0	0	0	625	339
5	0	0	0	0	694	341
6	0	0	0	0	765	344
7	0	0	0	0	834	346
8	0	0	0	0	894	350
9	0	0	0	0	935	352
10	0	0	0	0	937	356
11	0	0	0	0	937	360
12	0	0	0	0	937	364
13	0	0	0	0	936	367
14	0	0	0	0	896	370
15	0	0	0	0	846	373
0	0	0	0	0	788	377
1	0	0	0	0	725	379
2	0	0	0	0	663	383
3	0	0	0	0	604	385
4	0	0	0	0	548	386
5	0	0	0	0	498	388
6	0	0	0	0	456	390
7	0	0	0	0	422	391
8	0	0	0	0	397	391
9	0	0	0	0	380	392
10	0	0	0	0	373	392
11	0	0	0	0	376	392
12	0	0	0	0	387	392
13	0	0	0	0	405	392
14	0	0	0	0	430	392
15	0	0	0	0	457	392
