# OpenSignals Text File Format
# {"98:D3:51:FD:8E:66":{"sensor":["RAW","RESPBIT"],"device name":"98:D3:51:FD:8E:66","column":["nSeq","I1","I2","O1","O2","A1","A3"],"sync interval":2,"time":"00:39:07","comments":"","device connection":"BTH98:D3:51:FD:8E:66","channels":[1,3],"date":"2021-09-19","mode":0,"digital IO":[0,0,1,1],"firmware version":0,"device":"bitalino_rev","position":0,"sampling rate":100,"label":["A1","A3"],"resolution":[10,10],"special":[{},{}]}}
# EndOfHeader
0	0	0	0	0	530	94
1	0	0	0	0	539	94
2	0	0	0	0	547	93
3	0	0	0	0	555	91
4	0	0	0	0	563	94
5	0	0	0	0	569	92
6	0	0	0	0	575	89
7	0	0	0	0	579	90
8	0	0	0	0	581	88
9	0	0	0	0	580	86
10	0	0	0	0	577	83
11	0	0	0	0	574	83
12	0	0	0	0	569	82
13	0	0	0	0	563	77
14	0	0	0	0	556	79
15	0	0	0	0	549	77
0	0	0	0	0	540	75
1	0	0	0	0	531	73
2	0	0	0	0	522	70
3	0	0	0	0	514	68
4	0	0	0	0	507	64
5	0	0	0	0	502	58
6	0	0	0	0	498	54
7	0	0	0	0	496	54
8	0	0	0	0	494	49
9	0	0	0	0	494	47
10	0	0	0	0	494	45
11	0	0	0	0	496	43
12	0	0	0	0	497	39
13	0	0	0	0	501	37
14	0	0	0	0	504	34
15	0	0	0	0	507	35
0	0	0	0	0	511	39
1	0	0	0	0	512	43
2	0	0	0	0	514	48
3	0	0	0	0	515	56
4	0	0	0	0	515	65
5	0	0	0	0	514	77
6	0	0	0	0	513	87
7	0	0	0	0	513	94
8	0	0	0	0	511	103
9	0	0	0	0	509	109
10	0	0	0	0	507	111
11	0	0	0	0	505	109
12	0	0	0	0	504	113
13	0	0	0	0	503	113
14	0	0	0	0	503	113
15	0	0	0	0	501	113
0	0	0	0	0	501	113
1	0	0	0	0	501	108
2	0	0	0	0	504	110
3	0	0	0	0	508	107
4	0	0	0	0	512	103
5	0	0	0	0	520	102
6	0	0	0	0	529	104
7	0	0	0	0	540	100
8	0	0	0	0	551	103
9	0	0	0	0	562	103
10	0	0	0	0	573	103
11	0	0	0	0	583	107
12	0	0	0	0	590	110
13	0	0	0	0	597	113
14	0	0	0	0	601	117
15	0	0	0	0	600	121
0	0	0	0	0	598	121
1	0	0	0	0	593	126
2	0	0	0	0	588	131
3	0	0	0	0	580	133
4	0	0	0	0	572	136
5	0	0	0	0	561	140
6	0	0	0	0	551	142
7	0	0	0	0	539	148
8	0	0	0	0	528	151
9	0	0	0	0	518	158
10	0	0	0	0	510	164
11	0	0	0	0	503	168
12	0	0	0	0	498	175
13	0	0	0	0	494	177
14	0	0	0	0	491	184
15	0	0	0	0	492	188
0	0	0	0	0	493	192
1	0	0	0	0	494	197
2	0	0	0	0	497	202
3	0	0	0	0	501	205
4	0	0	0	0	506	207
5	0	0	0	0	509	209
6	0	0	0	0	512	210
7	0	0	0	0	515	208
8	0	0	0	0	517	208
9	0	0	0	0	517	207
10	0	0	0	0	518	206
11	0	0	0	0	518	208
12	0	0	0	0	517	213
13	0	0	0	0	515	219
14	0	0	0	0	513	223
15	0	0	0	0	511	227
0	0	0	0	0	509	231
1	0	0	0	0	507	235
2	0	0	0	0	504	238
3	0	0	0	0	503	241
4	0	0	0	0	500	247
5	0	0	0	0	498	254
6	0	0	0	0	496	261
7	0	0	0	0	495	268
8	0	0	0	0	494	275
9	0	0	0	0	496	281
10	0	0	0	0	499	288
11	0	0	0	0	504	295
12	0	0	0	0	512	302
13	0	0	0	0	523	307
14	0	0	0	0	536	315
15	0	0	0	0	549	320
0	0	0	0	0	564	327
1	0	0	0	0	577	334
2	0	0	0	0	589	339
3	0	0	0	0	599	344
4	0	0	0	0	607	350
5	0	0	0	0	612	353
6	0	0	0	0	612	357
7	0	0	0	0	610	361
8	0	0	0	0	607	363
9	0	0	0	0	600	367
10	0	0	0	0	590	368
11	0	0	0	0	580	369
12	0	0	0	0	569	371
13	0	0	0	0	557	371
14	0	0	0	0	545	372
15	0	0	0	0	534	372
0	0	0	0	0	523	372
1	0	0	0	0	512	372
2	0	0	0	0	503	371
3	0	0	0	0	497	371
4	0	0	0	0	493	369
5	0	0	0	0	489	368
6	0	0	0	0	489	367
7	0	0	0	0	490	365
8	0	0	0	0	492	364
9	0	0	0	0	496	363
10	0	0	0	0	500	361
11	0	0	0	0	505	359
12	0	0	0	0	510	358
13	0	0	0	0	513	358
14	0	0	0	0	515	357
15	0	0	0	0	517	355
0	0	0	0	0	518	354
1	0	0	0	0	517	354
2	0	0	0	0	516	354
3	0	0	0	0	514	356
4	0	0	0	0	512	357
5	0	0	0	0	509	357
6	0	0	0	0	508	355
7	0	0	0	0	504	354
8	0	0	0	0	501	352
9	0	0	0	0	496	352
10	0	0	0	0	494	351
11	0	0	0	0	491	351
12	0	0	0	0	490	351
13	0	0	0	0	489	352
14	0	0	0	0	488	352
15	0	0	0	0	489	352
0	0	0	0	0	491	352
1	0	0	0	0	497	352
2	0	0	0	0	506	352
3	0	0	0	0	518	351
4	0	0	0	0	534	351
5	0	0	0	0	552	351
6	0	0	0	0	571	350
7	0	0	0	0	587	349
8	0	0	0	0	603	348
9	0	0	0	0	616	348
10	0	0	0	0	626	347
11	0	0	0	0	632	347
12	0	0	0	0	635	346
13	0	0	0	0	633	344
14	0	0	0	0	629	342
15	0	0	0	0	622	342
0	0	0	0	0	614	340
1	0	0	0	0	603	339
2	0	0	0	0	589	339
3	0	0	0	0	575	338
4	0	0	0	0	560	338
5	0	0	0	0	545	338
6	0	0	0	0	529	339
7	0	0	0	0	515	338
8	0	0	0	0	504	338
9	0	0	0	0	492	337
10	0	0	0	0	487	336
11	0	0	0	0	484	334
12	0	0	0	0	483	332
13	0	0	0	0	484	329
14	0	0	0	0	487	326
15	0	0	0	0	491	323
0	0	0	0	0	496	320
1	0	0	0	0	502	317
2	0	0	0	0	508	314
3	0	0	0	0	515	311
4	0	0	0	0	519	308
5	0	0	0	0	523	307
6	0	0	0	0	524	303
7	0	0	0	0	525	302
8	0	0	0	0	525	301
9	0	0	0	0	523	301
10	0	0	0	0	521	303
11	0	0	0	0	519	304
12	0	0	0	0	514	304
13	0	0	0	0	511	304
14	0	0	0	0	508	302
15	0	0	0	0	504	300
0	0	0	0	0	499	297
1	0	0	0	0	496	296
2	0	0	0	0	493	295
3	0	0	0	0	490	293
4	0	0	0	0	490	292
5	0	0	0	0	489	290
6	0	0	0	0	491	289
7	0	0	0	0	496	288
8	0	0	0	0	506	286
9	0	0	0	0	519	285
10	0	0	0	0	534	284
11	0	0	0	0	554	283
12	0	0	0	0	576	281
13	0	0	0	0	598	281
14	0	0	0	0	619	279
15	0	0	0	0	637	279
0	0	0	0	0	654	277
1	0	0	0	0	665	277
2	0	0	0	0	672	276
3	0	0	0	0	675	274
4	0	0	0	0	675	275
5	0	0	0	0	668	273
6	0	0	0	0	659	274
7	0	0	0	0	647	273
8	0	0	0	0	633	271
9	0	0	0	0	616	273
10	0	0	0	0	600	273
11	0	0	0	0	582	272
12	0	0	0	0	563	273
13	0	0	0	0	547	273
14	0	0	0	0	531	273
15	0	0	0	0	516	272
0	0	0	0	0	504	273
1	0	0	0	0	493	273
2	0	0	0	0	486	272
3	0	0	0	0	481	272
4	0	0	0	0	479	271
5	0	0	0	0	479	270
6	0	0	0	0	481	268
7	0	0	0	0	486	268
8	0	0	0	0	492	267
9	0	0	0	0	499	266
10	0	0	0	0	506	266
11	0	0	0	0	511	267
12	0	0	0	0	517	266
13	0	0	0	0	520	265
14	0	0	0	0	523	266
15	0	0	0	0	524	268
0	0	0	0	0	524	270
1	0	0	0	0	522	272
2	0	0	0	0	518	275
3	0	0	0	0	514	276
4	0	0	0	0	510	275
5	0	0	0	0	506	275
6	0	0	0	0	501	275
7	0	0	0	0	497	275
8	0	0	0	0	493	275
9	0	0	0	0	489	275
10	0	0	0	0	486	275
11	0	0	0	0	486	276
12	0	0	0	0	486	277
13	0	0	0	0	489	278
14	0	0	0	0	497	279
15	0	0	0	0	509	280
0	0	0	0	0	527	281
1	0	0	0	0	548	284
2	0	0	0	0	572	286
3	0	0	0	0	597	288
4	0	0	0	0	622	289
5	0	0	0	0	645	292
6	0	0	0	0	665	295
7	0	0	0	0	682	300
8	0	0	0	0	692	303
9	0	0	0	0	697	308
10	0	0	0	0	696	315
11	0	0	0	0	691	320
12	0	0	0	0	680	326
13	0	0	0	0	666	332
14	0	0	0	0	648	338
15	0	0	0	0	628	344
0	0	0	0	0	608	351
1	0	0	0	0	586	358
2	0	0	0	0	565	364
3	0	0	0	0	543	371
4	0	0	0	0	523	376
5	0	0	0	0	505	383
6	0	0	0	0	489	389
7	0	0	0	0	477	395
8	0	0	0	0	468	401
9	0	0	0	0	463	408
10	0	0	0	0	461	415
11	0	0	0	0	462	421
12	0	0	0	0	465	427
13	0	0	0	0	470	434
14	0	0	0	0	476	441
15	0	0	0	0	482	448
0	0	0	0	0	489	455
1	0	0	0	0	496	464
2	0	0	0	0	501	474
3	0	0	0	0	506	484
4	0	0	0	0	508	495
5	0	0	0	0	509	505
6	0	0	0	0	510	516
7	0	0	0	0	509	529
8	0	0	0	0	508	542
9	0	0	0	0	505	555
10	0	0	0	0	502	568
11	0	0	0	0	498	581
12	0	0	0	0	493	593
13	0	0	0	0	489	607
14	0	0	0	0	485	620
15	0	0	0	0	482	635
0	0	0	0	0	479	650
1	0	0	0	0	477	666
2	0	0	0	0	476	682
3	0	0	0	0	474	699
4	0	0	0	0	475	715
5	0	0	0	0	476	732
6	0	0	0	0	480	749
7	0	0	0	0	487	765
8	0	0	0	0	498	780
9	0	0	0	0	514	795
10	0	0	0	0	533	809
11	0	0	0	0	555	822
12	0	0	0	0	579	834
13	0	0	0	0	601	845
14	0	0	0	0	621	856
15	0	0	0	0	640	867
0	0	0	0	0	654	876
1	0	0	0	0	663	885
2	0	0	0	0	667	893
3	0	0	0	0	669	901
4	0	0	0	0	665	908
5	0	0	0	0	655	915
6	0	0	0	0	642	922
7	0	0	0	0	626	928
8	0	0	0	0	609	933
9	0	0	0	0	590	938
10	0	0	0	0	567	943
11	0	0	0	0	546	947
12	0	0	0	0	525	950
13	0	0	0	0	506	953
14	0	0	0	0	490	955
15	0	0	0	0	475	956
0	0	0	0	0	464	955
1	0	0	0	0	456	955
2	0	0	0	0	451	953
3	0	0	0	0	450	950
4	0	0	0	0	450	945
5	0	0	0	0	454	941
6	0	0	0	0	457	934
7	0	0	0	0	464	928
8	0	0	0	0	472	922
9	0	0	0	0	478	916
10	0	0	0	0	485	909
11	0	0	0	0	491	900
12	0	0	0	0	496	892
13	0	0	0	0	501	881
14	0	0	0	0	504	871
15	0	0	0	0	505	861
0	0	0	0	0	507	850
1	0	0	0	0	506	839
2	0	0	0	0	504	828
3	0	0	0	0	502	817
4	0	0	0	0	499	806
5	0	0	0	0	495	795
6	0	0	0	0	490	784
7	0	0	0	0	486	772
8	0	0	0	0	482	762
9	0	0	0	0	478	751
10	0	0	0	0	475	742
11	0	0	0	0	472	734
12	0	0	0	0	471	726
13	0	0	0	0	471	718
14	0	0	0	0	473	708
15	0	0	0	0	477	699
0	0	0	0	0	485	689
1	0	0	0	0	496	679
2	0	0	0	0	510	670
3	0	0	0	0	527	660
4	0	0	0	0	544	651
5	0	0	0	0	563	641
6	0	0	0	0	579	630
7	0	0	0	0	596	619
8	0	0	0	0	611	607
9	0	0	0	0	623	596
10	0	0	0	0	631	585
11	0	0	0	0	635	573
12	0	0	0	0	635	561
13	0	0	0	0	631	547
14	0	0	0	0	624	533
15	0	0	0	0	612	518
0	0	0	0	0	599	505
1	0	0	0	0	582	492
2	0	0	0	0	564	481
3	0	0	0	0	547	469
4	0	0	0	0	528	459
5	0	0	0	0	510	448
6	0	0	0	0	493	437
7	0	0	0	0	479	425
8	0	0	0	0	468	414
9	0	0	0	0	461	402
10	0	0	0	0	459	391
11	0	0	0	0	458	380
12	0	0	0	0	460	369
13	0	0	0	0	464	358
14	0	0	0	0	469	348
15	0	0	0	0	474	337
0	0	0	0	0	481	327
1	0	0	0	0	487	317
2	0	0	0	0	495	308
3	0	0	0	0	500	300
4	0	0	0	0	504	292
5	0	0	0	0	508	284
6	0	0	0	0	510	276
7	0	0	0	0	510	269
8	0	0	0	0	508	261
9	0	0	0	0	506	254
10	0	0	0	0	502	244
11	0	0	0	0	499	237
12	0	0	0	0	497	228
13	0	0	0	0	494	220
14	0	0	0	0	490	211
15	0	0	0	0	487	203
0	0	0	0	0	483	195
1	0	0	0	0	481	188
2	0	0	0	0	477	178
3	0	0	0	0	477	171
4	0	0	0	0	477	162
5	0	0	0	0	479	153
6	0	0	0	0	484	145
7	0	0	0	0	494	137
8	0	0	0	0	507	126
9	0	0	0	0	523	118
10	0	0	0	0	540	112
11	0	0	0	0	560	107
12	0	0	0	0	579	98
13	0	0	0	0	595	94
14	0	0	0	0	610	88
15	0	0	0	0	622	82
0	0	0	0	0	629	79
1	0	0	0	0	632	71
2	0	0	0	0	631	69
3	0	0	0	0	626	65
4	0	0	0	0	616	61
5	0	0	0	0	601	56
6	0	0	0	0	586	53
7	0	0	0	0	569	49
8	0	0	0	0	550	46
9	0	0	0	0	529	45
10	0	0	0	0	511	43
11	0	0	0	0	494	39
12	0	0	0	0	479	36
13	0	0	0	0	465	35
14	0	0	0	0	456	34
15	0	0	0	0	449	31
0	0	0	0	0	447	27
1	0	0	0	0	447	28
2	0	0	0	0	448	25
3	0	0	0	0	452	25
4	0	0	0	0	457	23
5	0	0	0	0	462	22
6	0	0	0	0	470	20
7	0	0	0	0	478	19
8	0	0	0	0	484	19
9	0	0	0	0	491	16
10	0	0	0	0	497	16
11	0	0	0	0	501	16
12	0	0	0	0	503	12
13	0	0	0	0	508	15
14	0	0	0	0	508	11
15	0	0	0	0	505	15
0	0	0	0	0	502	17
1	0	0	0	0	497	15
2	0	0	0	0	493	19
3	0	0	0	0	489	17
4	0	0	0	0	485	18
5	0	0	0	0	482	18
6	0	0	0	0	479	15
7	0	0	0	0	477	14
8	0	0	0	0	474	14
9	0	0	0	0	472	13
10	0	0	0	0	472	9
11	0	0	0	0	472	10
12	0	0	0	0	470	10
13	0	0	0	0	472	7
14	0	0	0	0	476	9
15	0	0	0	0	483	5
0	0	0	0	0	495	6
1	0	0	0	0	510	8
2	0	0	0	0	529	3
3	0	0	0	0	551	5
4	0	0	0	0	574	6
5	0	0	0	0	598	2
6	0	0	0	0	619	4
7	0	0	0	0	638	3
8	0	0	0	0	653	4
9	0	0	0	0	664	0
10	0	0	0	0	669	2
11	0	0	0	0	669	5
12	0	0	0	0	664	5
13	0	0	0	0	654	8
14	0	0	0	0	641	11
15	0	0	0	0	625	11
0	0	0	0	0	608	12
1	0	0	0	0	588	15
2	0	0	0	0	569	14
3	0	0	0	0	549	18
4	0	0	0	0	530	17
5	0	0	0	0	513	21
6	0	0	0	0	497	20
7	0	0	0	0	483	19
8	0	0	0	0	472	17
9	0	0	0	0	463	14
10	0	0	0	0	455	14
11	0	0	0	0	450	13
12	0	0	0	0	448	10
13	0	0	0	0	449	9
14	0	0	0	0	452	8
15	0	0	0	0	458	7
0	0	0	0	0	465	9
1	0	0	0	0	473	7
2	0	0	0	0	480	5
3	0	0	0	0	487	5
4	0	0	0	0	494	6
5	0	0	0	0	499	2
6	0	0	0	0	504	3
7	0	0	0	0	506	4
8	0	0	0	0	508	4
9	0	0	0	0	508	4
10	0	0	0	0	506	6
11	0	0	0	0	503	8
12	0	0	0	0	500	10
13	0	0	0	0	496	15
14	0	0	0	0	493	16
15	0	0	0	0	488	21
0	0	0	0	0	483	23
1	0	0	0	0	478	22
2	0	0	0	0	474	28
3	0	0	0	0	470	28
4	0	0	0	0	467	34
5	0	0	0	0	465	35
6	0	0	0	0	466	38
7	0	0	0	0	467	38
8	0	0	0	0	470	43
9	0	0	0	0	476	47
10	0	0	0	0	484	48
11	0	0	0	0	498	51
12	0	0	0	0	517	56
13	0	0	0	0	539	59
14	0	0	0	0	565	64
15	0	0	0	0	593	71
0	0	0	0	0	622	73
1	0	0	0	0	648	81
2	0	0	0	0	671	83
3	0	0	0	0	690	90
4	0	0	0	0	701	93
5	0	0	0	0	707	95
6	0	0	0	0	707	100
7	0	0	0	0	701	102
8	0	0	0	0	691	103
9	0	0	0	0	673	109
10	0	0	0	0	653	109
11	0	0	0	0	629	114
12	0	0	0	0	604	117
13	0	0	0	0	579	115
14	0	0	0	0	553	119
15	0	0	0	0	530	120
0	0	0	0	0	507	117
1	0	0	0	0	488	117
2	0	0	0	0	470	114
3	0	0	0	0	457	115
4	0	0	0	0	447	110
5	0	0	0	0	440	108
6	0	0	0	0	437	109
7	0	0	0	0	436	107
8	0	0	0	0	440	105
9	0	0	0	0	446	108
10	0	0	0	0	452	108
11	0	0	0	0	460	106
12	0	0	0	0	468	108
13	0	0	0	0	476	105
14	0	0	0	0	483	108
15	0	0	0	0	491	107
0	0	0	0	0	496	109
1	0	0	0	0	499	107
2	0	0	0	0	500	111
3	0	0	0	0	500	111
4	0	0	0	0	500	112
5	0	0	0	0	497	116
6	0	0	0	0	494	115
7	0	0	0	0	489	117
8	0	0	0	0	485	120
9	0	0	0	0	480	127
10	0	0	0	0	475	131
11	0	0	0	0	472	138
12	0	0	0	0	467	143
13	0	0	0	0	464	145
14	0	0	0	0	461	151
15	0	0	0	0	459	153
0	0	0	0	0	457	158
1	0	0	0	0	458	162
2	0	0	0	0	457	167
3	0	0	0	0	458	170
4	0	0	0	0	461	176
5	0	0	0	0	465	181
6	0	0	0	0	470	188
7	0	0	0	0	479	193
8	0	0	0	0	492	199
9	0	0	0	0	510	204
10	0	0	0	0	533	209
11	0	0	0	0	559	215
12	0	0	0	0	588	219
13	0	0	0	0	619	220
14	0	0	0	0	648	226
15	0	0	0	0	675	227
0	0	0	0	0	696	232
1	0	0	0	0	711	234
2	0	0	0	0	717	238
3	0	0	0	0	719	239
4	0	0	0	0	712	244
5	0	0	0	0	699	246
6	0	0	0	0	680	251
7	0	0	0	0	659	255
8	0	0	0	0	634	259
9	0	0	0	0	608	262
10	0	0	0	0	581	266
11	0	0	0	0	556	268
12	0	0	0	0	529	271
13	0	0	0	0	505	273
14	0	0	0	0	483	276
15	0	0	0	0	465	278
0	0	0	0	0	449	279
1	0	0	0	0	438	280
2	0	0	0	0	431	280
3	0	0	0	0	428	280
4	0	0	0	0	429	280
5	0	0	0	0	431	282
6	0	0	0	0	437	283
7	0	0	0	0	446	283
8	0	0	0	0	456	283
9	0	0	0	0	465	282
10	0	0	0	0	476	281
11	0	0	0	0	485	279
12	0	0	0	0	494	277
13	0	0	0	0	499	275
14	0	0	0	0	504	276
15	0	0	0	0	507	277
0	0	0	0	0	507	280
1	0	0	0	0	504	285
2	0	0	0	0	500	289
3	0	0	0	0	494	293
4	0	0	0	0	489	296
5	0	0	0	0	482	299
6	0	0	0	0	476	302
7	0	0	0	0	471	307
8	0	0	0	0	467	311
9	0	0	0	0	462	316
10	0	0	0	0	459	319
11	0	0	0	0	457	321
12	0	0	0	0	456	323
13	0	0	0	0	455	325
14	0	0	0	0	455	327
15	0	0	0	0	455	329
0	0	0	0	0	457	331
1	0	0	0	0	459	332
2	0	0	0	0	461	333
3	0	0	0	0	465	334
4	0	0	0	0	470	333
5	0	0	0	0	479	333
6	0	0	0	0	492	332
7	0	0	0	0	511	330
8	0	0	0	0	534	328
9	0	0	0	0	560	326
10	0	0	0	0	590	325
11	0	0	0	0	618	323
12	0	0	0	0	646	321
13	0	0	0	0	668	320
14	0	0	0	0	686	320
15	0	0	0	0	697	319
0	0	0	0	0	701	318
1	0	0	0	0	698	319
2	0	0	0	0	687	319
3	0	0	0	0	672	319
4	0	0	0	0	651	321
5	0	0	0	0	626	322
6	0	0	0	0	600	323
7	0	0	0	0	573	325
8	0	0	0	0	545	328
9	0	0	0	0	519	330
10	0	0	0	0	493	332
11	0	0	0	0	472	334
12	0	0	0	0	454	335
13	0	0	0	0	439	336
14	0	0	0	0	428	337
15	0	0	0	0	421	336
0	0	0	0	0	420	337
1	0	0	0	0	422	336
2	0	0	0	0	426	336
3	0	0	0	0	432	336
4	0	0	0	0	440	336
5	0	0	0	0	450	336
6	0	0	0	0	461	335
7	0	0	0	0	471	335
8	0	0	0	0	480	335
9	0	0	0	0	487	335
10	0	0	0	0	494	334
11	0	0	0	0	498	334
12	0	0	0	0	501	334
13	0	0	0	0	502	334
14	0	0	0	0	501	334
15	0	0	0	0	499	334
0	0	0	0	0	496	335
1	0	0	0	0	490	334
2	0	0	0	0	487	334
3	0	0	0	0	482	334
4	0	0	0	0	477	336
5	0	0	0	0	472	338
6	0	0	0	0	468	340
7	0	0	0	0	464	342
8	0	0	0	0	462	343
9	0	0	0	0	459	343
10	0	0	0	0	458	344
11	0	0	0	0	457	344
12	0	0	0	0	456	345
13	0	0	0	0	457	346
14	0	0	0	0	457	347
15	0	0	0	0	458	348
0	0	0	0	0	460	349
1	0	0	0	0	464	351
2	0	0	0	0	469	352
3	0	0	0	0	478	353
4	0	0	0	0	492	354
5	0	0	0	0	510	356
6	0	0	0	0	532	357
7	0	0	0	0	559	358
8	0	0	0	0	586	360
9	0	0	0	0	611	362
10	0	0	0	0	635	363
11	0	0	0	0	655	365
12	0	0	0	0	667	366
13	0	0	0	0	672	368
14	0	0	0	0	670	369
15	0	0	0	0	662	370
0	0	0	0	0	647	372
1	0	0	0	0	630	373
2	0	0	0	0	608	374
3	0	0	0	0	585	376
4	0	0	0	0	560	377
5	0	0	0	0	536	379
6	0	0	0	0	511	380
7	0	0	0	0	489	382
8	0	0	0	0	468	383
9	0	0	0	0	449	385
10	0	0	0	0	435	385
11	0	0	0	0	425	386
12	0	0	0	0	421	387
13	0	0	0	0	419	388
14	0	0	0	0	420	389
15	0	0	0	0	424	389
0	0	0	0	0	432	390
1	0	0	0	0	440	390
2	0	0	0	0	448	390
3	0	0	0	0	457	390
4	0	0	0	0	468	390
5	0	0	0	0	477	390
6	0	0	0	0	484	389
7	0	0	0	0	491	389
8	0	0	0	0	496	389
9	0	0	0	0	499	389
10	0	0	0	0	500	389
11	0	0	0	0	499	389
12	0	0	0	0	498	390
13	0	0	0	0	496	390
14	0	0	0	0	494	389
15	0	0	0	0	491	388
0	0	0	0	0	486	390
1	0	0	0	0	480	391
2	0	0	0	0	475	394
3	0	0	0	0	472	396
4	0	0	0	0	469	396
5	0	0	0	0	466	396
6	0	0	0	0	465	396
7	0	0	0	0	463	396
8	0	0	0	0	463	396
9	0	0	0	0	462	396
10	0	0	0	0	462	397
11	0	0	0	0	463	398
12	0	0	0	0	465	399
13	0	0	0	0	467	400
14	0	0	0	0	471	401
15	0	0	0	0	478	402
0	0	0	0	0	486	402
1	0	0	0	0	499	403
2	0	0	0	0	516	404
3	0	0	0	0	537	405
4	0	0	0	0	560	407
5	0	0	0	0	583	408
6	0	0	0	0	606	409
7	0	0	0	0	624	411
8	0	0	0	0	639	412
9	0	0	0	0	646	413
10	0	0	0	0	647	414
11	0	0	0	0	643	415
12	0	0	0	0	635	415
13	0	0	0	0	620	415
14	0	0	0	0	603	414
15	0	0	0	0	583	414
0	0	0	0	0	559	414
1	0	0	0	0	536	413
2	0	0	0	0	513	412
3	0	0	0	0	492	412
4	0	0	0	0	473	411
5	0	0	0	0	456	409
6	0	0	0	0	445	408
7	0	0	0	0	435	407
8	0	0	0	0	430	405
9	0	0	0	0	427	403
10	0	0	0	0	427	401
11	0	0	0	0	431	399
12	0	0	0	0	436	397
13	0	0	0	0	444	395
14	0	0	0	0	452	392
15	0	0	0	0	461	390
0	0	0	0	0	471	387
1	0	0	0	0	479	385
2	0	0	0	0	487	383
3	0	0	0	0	493	380
4	0	0	0	0	499	378
5	0	0	0	0	503	376
6	0	0	0	0	504	375
7	0	0	0	0	505	374
8	0	0	0	0	504	372
9	0	0	0	0	501	369
10	0	0	0	0	498	368
11	0	0	0	0	494	367
12	0	0	0	0	489	367
13	0	0	0	0	484	367
14	0	0	0	0	479	367
15	0	0	0	0	475	367
0	0	0	0	0	473	365
1	0	0	0	0	471	363
2	0	0	0	0	468	361
3	0	0	0	0	466	359
4	0	0	0	0	465	359
5	0	0	0	0	463	358
6	0	0	0	0	464	358
7	0	0	0	0	465	357
8	0	0	0	0	468	358
9	0	0	0	0	470	357
10	0	0	0	0	475	357
11	0	0	0	0	483	356
12	0	0	0	0	495	355
13	0	0	0	0	509	355
14	0	0	0	0	528	354
15	0	0	0	0	549	354
0	0	0	0	0	572	353
1	0	0	0	0	594	353
2	0	0	0	0	612	354
3	0	0	0	0	627	353
4	0	0	0	0	637	354
5	0	0	0	0	641	355
6	0	0	0	0	640	355
7	0	0	0	0	632	353
8	0	0	0	0	622	354
9	0	0	0	0	606	354
10	0	0	0	0	587	354
11	0	0	0	0	566	354
12	0	0	0	0	546	355
13	0	0	0	0	524	355
14	0	0	0	0	504	356
15	0	0	0	0	485	356
0	0	0	0	0	469	356
1	0	0	0	0	455	356
2	0	0	0	0	444	355
3	0	0	0	0	437	355
4	0	0	0	0	434	355
5	0	0	0	0	433	354
6	0	0	0	0	434	354
7	0	0	0	0	437	353
8	0	0	0	0	444	352
9	0	0	0	0	451	351
10	0	0	0	0	461	350
11	0	0	0	0	471	349
12	0	0	0	0	479	348
13	0	0	0	0	487	347
14	0	0	0	0	494	346
15	0	0	0	0	499	344
0	0	0	0	0	502	344
1	0	0	0	0	503	343
2	0	0	0	0	503	343
3	0	0	0	0	502	343
4	0	0	0	0	499	341
5	0	0	0	0	494	340
6	0	0	0	0	489	339
7	0	0	0	0	484	339
8	0	0	0	0	480	340
9	0	0	0	0	475	340
10	0	0	0	0	473	340
11	0	0	0	0	472	340
12	0	0	0	0	471	339
13	0	0	0	0	471	337
14	0	0	0	0	471	337
15	0	0	0	0	471	336
0	0	0	0	0	472	336
1	0	0	0	0	473	336
2	0	0	0	0	475	336
3	0	0	0	0	476	335
4	0	0	0	0	477	335
5	0	0	0	0	480	334
6	0	0	0	0	487	334
7	0	0	0	0	497	333
8	0	0	0	0	511	332
9	0	0	0	0	528	332
10	0	0	0	0	548	331
11	0	0	0	0	569	330
12	0	0	0	0	591	329
13	0	0	0	0	609	329
14	0	0	0	0	624	328
15	0	0	0	0	634	329
0	0	0	0	0	639	328
1	0	0	0	0	638	327
2	0	0	0	0	631	327
3	0	0	0	0	620	327
4	0	0	0	0	606	327
5	0	0	0	0	589	326
6	0	0	0	0	569	326
7	0	0	0	0	548	325
8	0	0	0	0	527	325
9	0	0	0	0	508	324
10	0	0	0	0	491	324
11	0	0	0	0	475	323
12	0	0	0	0	462	323
13	0	0	0	0	451	322
14	0	0	0	0	443	322
15	0	0	0	0	438	322
0	0	0	0	0	435	322
1	0	0	0	0	436	321
2	0	0	0	0	439	321
3	0	0	0	0	445	320
4	0	0	0	0	452	319
5	0	0	0	0	459	319
6	0	0	0	0	467	318
7	0	0	0	0	476	317
8	0	0	0	0	483	316
9	0	0	0	0	490	315
10	0	0	0	0	496	314
11	0	0	0	0	501	313
12	0	0	0	0	503	312
13	0	0	0	0	505	312
14	0	0	0	0	505	312
15	0	0	0	0	504	312
0	0	0	0	0	502	311
1	0	0	0	0	500	310
2	0	0	0	0	497	310
3	0	0	0	0	493	311
4	0	0	0	0	489	313
5	0	0	0	0	486	314
6	0	0	0	0	481	315
7	0	0	0	0	477	315
8	0	0	0	0	474	315
9	0	0	0	0	471	315
10	0	0	0	0	469	315
11	0	0	0	0	469	315
12	0	0	0	0	469	315
13	0	0	0	0	470	316
14	0	0	0	0	470	318
15	0	0	0	0	472	318
0	0	0	0	0	475	319
1	0	0	0	0	479	320
2	0	0	0	0	485	321
3	0	0	0	0	496	321
4	0	0	0	0	510	323
5	0	0	0	0	530	324
6	0	0	0	0	551	326
7	0	0	0	0	572	328
8	0	0	0	0	594	329
9	0	0	0	0	613	331
10	0	0	0	0	627	333
11	0	0	0	0	638	333
12	0	0	0	0	644	335
13	0	0	0	0	645	335
14	0	0	0	0	640	335
15	0	0	0	0	632	335
0	0	0	0	0	620	335
1	0	0	0	0	603	336
2	0	0	0	0	583	338
3	0	0	0	0	563	339
4	0	0	0	0	544	343
5	0	0	0	0	524	345
6	0	0	0	0	504	347
7	0	0	0	0	486	347
8	0	0	0	0	472	347
9	0	0	0	0	461	345
10	0	0	0	0	452	342
11	0	0	0	0	447	340
12	0	0	0	0	445	338
13	0	0	0	0	446	339
14	0	0	0	0	449	340
15	0	0	0	0	455	342
0	0	0	0	0	462	344
1	0	0	0	0	466	346
2	0	0	0	0	473	348
3	0	0	0	0	480	350
4	0	0	0	0	486	350
5	0	0	0	0	491	350
6	0	0	0	0	495	349
7	0	0	0	0	499	347
8	0	0	0	0	500	345
9	0	0	0	0	500	344
10	0	0	0	0	500	342
11	0	0	0	0	500	342
12	0	0	0	0	497	341
13	0	0	0	0	496	339
14	0	0	0	0	494	339
15	0	0	0	0	492	340
0	0	0	0	0	488	342
1	0	0	0	0	486	343
2	0	0	0	0	484	342
3	0	0	0	0	481	341
4	0	0	0	0	479	338
5	0	0	0	0	476	335
6	0	0	0	0	473	333
7	0	0	0	0	471	331
8	0	0	0	0	470	331
9	0	0	0	0	468	332
10	0	0	0	0	468	333
11	0	0	0	0	468	334
12	0	0	0	0	470	335
13	0	0	0	0	473	336
14	0	0	0	0	479	336
15	0	0	0	0	487	336
0	0	0	0	0	499	336
1	0	0	0	0	515	335
2	0	0	0	0	534	334
3	0	0	0	0	553	333
4	0	0	0	0	572	331
5	0	0	0	0	590	330
6	0	0	0	0	604	328
7	0	0	0	0	616	328
8	0	0	0	0	623	326
9	0	0	0	0	624	324
10	0	0	0	0	620	320
11	0	0	0	0	612	315
12	0	0	0	0	600	311
13	0	0	0	0	585	306
14	0	0	0	0	569	301
15	0	0	0	0	551	297
0	0	0	0	0	534	292
1	0	0	0	0	515	287
2	0	0	0	0	499	281
3	0	0	0	0	483	274
4	0	0	0	0	470	269
5	0	0	0	0	460	262
6	0	0	0	0	454	258
7	0	0	0	0	450	253
8	0	0	0	0	447	250
9	0	0	0	0	446	246
10	0	0	0	0	447	242
11	0	0	0	0	449	236
12	0	0	0	0	452	230
13	0	0	0	0	457	225
14	0	0	0	0	464	220
15	0	0	0	0	472	215
0	0	0	0	0	478	212
1	0	0	0	0	483	211
2	0	0	0	0	489	208
3	0	0	0	0	493	209
4	0	0	0	0	496	207
5	0	0	0	0	497	205
6	0	0	0	0	499	202
7	0	0	0	0	499	201
8	0	0	0	0	497	198
9	0	0	0	0	497	195
10	0	0	0	0	497	194
11	0	0	0	0	497	195
12	0	0	0	0	498	195
13	0	0	0	0	499	198
14	0	0	0	0	501	200
15	0	0	0	0	503	201
0	0	0	0	0	505	204
1	0	0	0	0	508	205
2	0	0	0	0	510	207
3	0	0	0	0	512	209
4	0	0	0	0	513	212
5	0	0	0	0	517	215
6	0	0	0	0	520	216
7	0	0	0	0	524	217
8	0	0	0	0	527	217
9	0	0	0	0	529	219
10	0	0	0	0	532	221
11	0	0	0	0	537	226
12	0	0	0	0	544	228
13	0	0	0	0	551	230
14	0	0	0	0	560	233
15	0	0	0	0	572	233
0	0	0	0	0	584	232
1	0	0	0	0	599	231
2	0	0	0	0	612	228
3	0	0	0	0	626	223
4	0	0	0	0	639	217
5	0	0	0	0	649	214
6	0	0	0	0	654	209
7	0	0	0	0	656	203
8	0	0	0	0	655	199
9	0	0	0	0	651	195
10	0	0	0	0	642	195
11	0	0	0	0	632	193
12	0	0	0	0	621	191
13	0	0	0	0	608	191
14	0	0	0	0	594	195
15	0	0	0	0	581	197
0	0	0	0	0	569	200
1	0	0	0	0	557	201
2	0	0	0	0	546	204
3	0	0	0	0	537	208
4	0	0	0	0	531	212
5	0	0	0	0	524	218
6	0	0	0	0	520	221
7	0	0	0	0	519	227
8	0	0	0	0	518	231
9	0	0	0	0	516	236
10	0	0	0	0	512	241
11	0	0	0	0	510	247
12	0	0	0	0	509	252
13	0	0	0	0	508	256
14	0	0	0	0	507	262
15	0	0	0	0	507	268
0	0	0	0	0	508	274
1	0	0	0	0	508	279
2	0	0	0	0	510	282
3	0	0	0	0	511	287
4	0	0	0	0	512	288
5	0	0	0	0	511	290
6	0	0	0	0	509	291
7	0	0	0	0	504	293
8	0	0	0	0	500	297
9	0	0	0	0	495	303
10	0	0	0	0	489	308
11	0	0	0	0	483	313
12	0	0	0	0	480	317
13	0	0	0	0	476	320
14	0	0	0	0	472	323
15	0	0	0	0	470	327
0	0	0	0	0	467	329
1	0	0	0	0	465	332
2	0	0	0	0	464	333
3	0	0	0	0	464	335
4	0	0	0	0	465	336
5	0	0	0	0	467	338
6	0	0	0	0	472	340
7	0	0	0	0	482	342
8	0	0	0	0	497	344
9	0	0	0	0	513	347
10	0	0	0	0	533	348
11	0	0	0	0	557	351
12	0	0	0	0	581	352
13	0	0	0	0	604	355
14	0	0	0	0	625	356
15	0	0	0	0	644	358
0	0	0	0	0	658	359
1	0	0	0	0	666	361
2	0	0	0	0	669	362
3	0	0	0	0	667	363
4	0	0	0	0	661	364
5	0	0	0	0	649	365
6	0	0	0	0	636	366
7	0	0	0	0	617	366
8	0	0	0	0	598	366
9	0	0	0	0	577	367
10	0	0	0	0	554	368
11	0	0	0	0	533	368
12	0	0	0	0	512	368
13	0	0	0	0	494	369
14	0	0	0	0	478	369
15	0	0	0	0	467	369
0	0	0	0	0	458	369
1	0	0	0	0	451	369
2	0	0	0	0	448	368
3	0	0	0	0	448	367
4	0	0	0	0	453	366
5	0	0	0	0	457	365
6	0	0	0	0	463	364
7	0	0	0	0	471	363
8	0	0	0	0	479	361
9	0	0	0	0	487	361
10	0	0	0	0	494	359
11	0	0	0	0	500	358
12	0	0	0	0	505	358
13	0	0	0	0	508	358
14	0	0	0	0	509	358
15	0	0	0	0	510	358
0	0	0	0	0	508	359
1	0	0	0	0	506	358
2	0	0	0	0	501	356
3	0	0	0	0	498	357
4	0	0	0	0	491	357
5	0	0	0	0	485	358
6	0	0	0	0	478	359
7	0	0	0	0	472	359
8	0	0	0	0	467	359
9	0	0	0	0	462	359
10	0	0	0	0	457	358
11	0	0	0	0	455	359
12	0	0	0	0	455	360
13	0	0	0	0	455	362
14	0	0	0	0	455	363
15	0	0	0	0	456	364
0	0	0	0	0	458	364
1	0	0	0	0	460	365
2	0	0	0	0	468	366
3	0	0	0	0	478	366
4	0	0	0	0	493	367
5	0	0	0	0	512	368
6	0	0	0	0	534	369
7	0	0	0	0	560	371
8	0	0	0	0	585	372
9	0	0	0	0	611	374
10	0	0	0	0	632	374
11	0	0	0	0	651	376
12	0	0	0	0	664	377
13	0	0	0	0	671	379
14	0	0	0	0	672	379
15	0	0	0	0	668	377
0	0	0	0	0	659	378
1	0	0	0	0	645	377
2	0	0	0	0	628	376
3	0	0	0	0	609	376
4	0	0	0	0	588	375
5	0	0	0	0	567	374
6	0	0	0	0	545	374
7	0	0	0	0	524	372
8	0	0	0	0	504	371
9	0	0	0	0	487	369
10	0	0	0	0	473	367
11	0	0	0	0	462	364
12	0	0	0	0	454	362
13	0	0	0	0	448	359
14	0	0	0	0	446	357
15	0	0	0	0	448	354
0	0	0	0	0	452	352
1	0	0	0	0	459	350
2	0	0	0	0	468	348
3	0	0	0	0	477	345
4	0	0	0	0	486	344
5	0	0	0	0	494	341
6	0	0	0	0	500	338
7	0	0	0	0	506	336
8	0	0	0	0	508	333
9	0	0	0	0	511	331
10	0	0	0	0	511	330
11	0	0	0	0	512	329
12	0	0	0	0	510	328
13	0	0	0	0	508	327
14	0	0	0	0	504	325
15	0	0	0	0	499	323
0	0	0	0	0	496	323
1	0	0	0	0	492	322
2	0	0	0	0	487	321
3	0	0	0	0	483	320
4	0	0	0	0	478	319
5	0	0	0	0	474	318
6	0	0	0	0	472	317
7	0	0	0	0	469	317
8	0	0	0	0	467	317
9	0	0	0	0	465	318
10	0	0	0	0	463	318
11	0	0	0	0	461	318
12	0	0	0	0	461	319
13	0	0	0	0	464	319
14	0	0	0	0	468	319
15	0	0	0	0	477	319
0	0	0	0	0	491	320
1	0	0	0	0	510	320
2	0	0	0	0	533	321
3	0	0	0	0	558	321
4	0	0	0	0	585	322
5	0	0	0	0	611	323
6	0	0	0	0	635	324
7	0	0	0	0	653	325
8	0	0	0	0	670	327
9	0	0	0	0	679	326
10	0	0	0	0	684	325
11	0	0	0	0	682	326
12	0	0	0	0	673	325
13	0	0	0	0	659	324
14	0	0	0	0	641	323
15	0	0	0	0	619	322
0	0	0	0	0	597	322
1	0	0	0	0	572	322
2	0	0	0	0	547	320
3	0	0	0	0	522	320
4	0	0	0	0	499	319
5	0	0	0	0	481	318
6	0	0	0	0	465	318
7	0	0	0	0	452	317
8	0	0	0	0	444	316
9	0	0	0	0	439	316
10	0	0	0	0	437	315
11	0	0	0	0	439	314
12	0	0	0	0	445	313
13	0	0	0	0	452	311
14	0	0	0	0	460	309
15	0	0	0	0	468	308
0	0	0	0	0	478	307
1	0	0	0	0	486	305
2	0	0	0	0	494	304
3	0	0	0	0	502	303
4	0	0	0	0	504	301
5	0	0	0	0	508	300
6	0	0	0	0	509	297
7	0	0	0	0	508	295
8	0	0	0	0	505	295
9	0	0	0	0	502	293
10	0	0	0	0	497	292
11	0	0	0	0	492	291
12	0	0	0	0	487	289
13	0	0	0	0	481	288
14	0	0	0	0	477	286
15	0	0	0	0	473	286
0	0	0	0	0	468	286
1	0	0	0	0	463	286
2	0	0	0	0	461	287
3	0	0	0	0	459	286
4	0	0	0	0	458	285
5	0	0	0	0	456	284
6	0	0	0	0	456	282
7	0	0	0	0	456	281
8	0	0	0	0	456	280
9	0	0	0	0	456	280
10	0	0	0	0	459	280
11	0	0	0	0	461	279
12	0	0	0	0	463	278
13	0	0	0	0	468	277
14	0	0	0	0	477	277
15	0	0	0	0	490	276
0	0	0	0	0	508	275
1	0	0	0	0	531	274
2	0	0	0	0	558	274
3	0	0	0	0	586	273
4	0	0	0	0	614	273
5	0	0	0	0	640	272
6	0	0	0	0	663	272
7	0	0	0	0	683	272
8	0	0	0	0	696	271
9	0	0	0	0	703	270
10	0	0	0	0	701	269
11	0	0	0	0	696	270
12	0	0	0	0	685	270
13	0	0	0	0	669	269
14	0	0	0	0	649	268
15	0	0	0	0	627	268
0	0	0	0	0	605	269
1	0	0	0	0	581	269
2	0	0	0	0	558	269
3	0	0	0	0	536	269
4	0	0	0	0	516	269
5	0	0	0	0	497	269
6	0	0	0	0	481	269
7	0	0	0	0	468	269
8	0	0	0	0	459	268
9	0	0	0	0	451	268
10	0	0	0	0	446	267
11	0	0	0	0	444	265
12	0	0	0	0	443	265
13	0	0	0	0	444	263
14	0	0	0	0	449	263
15	0	0	0	0	456	262
0	0	0	0	0	464	260
1	0	0	0	0	472	259
2	0	0	0	0	479	259
3	0	0	0	0	487	259
4	0	0	0	0	491	258
5	0	0	0	0	492	257
6	0	0	0	0	492	256
7	0	0	0	0	492	256
8	0	0	0	0	489	255
9	0	0	0	0	484	254
10	0	0	0	0	480	254
11	0	0	0	0	476	254
12	0	0	0	0	471	253
13	0	0	0	0	466	253
14	0	0	0	0	463	252
15	0	0	0	0	459	252
0	0	0	0	0	454	252
1	0	0	0	0	452	253
2	0	0	0	0	450	256
3	0	0	0	0	448	258
4	0	0	0	0	446	259
5	0	0	0	0	448	259
6	0	0	0	0	450	260
7	0	0	0	0	454	259
8	0	0	0	0	457	259
9	0	0	0	0	461	260
10	0	0	0	0	464	261
11	0	0	0	0	468	262
12	0	0	0	0	473	263
13	0	0	0	0	479	264
14	0	0	0	0	485	267
15	0	0	0	0	494	268
0	0	0	0	0	507	269
1	0	0	0	0	523	271
2	0	0	0	0	545	272
3	0	0	0	0	570	274
4	0	0	0	0	598	276
5	0	0	0	0	626	277
6	0	0	0	0	652	280
7	0	0	0	0	673	282
8	0	0	0	0	691	283
9	0	0	0	0	703	284
10	0	0	0	0	709	285
11	0	0	0	0	709	285
12	0	0	0	0	705	287
13	0	0	0	0	696	288
14	0	0	0	0	684	289
15	0	0	0	0	669	290
0	0	0	0	0	653	292
1	0	0	0	0	636	293
2	0	0	0	0	616	295
3	0	0	0	0	596	296
4	0	0	0	0	576	298
5	0	0	0	0	557	300
6	0	0	0	0	540	301
7	0	0	0	0	525	303
8	0	0	0	0	513	303
9	0	0	0	0	505	305
10	0	0	0	0	499	305
11	0	0	0	0	494	305
12	0	0	0	0	494	305
13	0	0	0	0	495	306
14	0	0	0	0	497	306
15	0	0	0	0	501	307
0	0	0	0	0	510	308
1	0	0	0	0	520	309
2	0	0	0	0	530	310
3	0	0	0	0	542	310
4	0	0	0	0	553	312
5	0	0	0	0	560	312
6	0	0	0	0	566	313
7	0	0	0	0	568	313
8	0	0	0	0	568	313
9	0	0	0	0	564	313
10	0	0	0	0	558	314
11	0	0	0	0	550	313
12	0	0	0	0	540	313
13	0	0	0	0	529	313
14	0	0	0	0	516	313
15	0	0	0	0	503	314
0	0	0	0	0	488	315
1	0	0	0	0	473	315
2	0	0	0	0	457	315
3	0	0	0	0	441	315
4	0	0	0	0	425	316
5	0	0	0	0	410	318
6	0	0	0	0	394	320
7	0	0	0	0	376	321
8	0	0	0	0	357	323
9	0	0	0	0	337	323
10	0	0	0	0	320	323
11	0	0	0	0	304	323
12	0	0	0	0	292	324
13	0	0	0	0	283	325
14	0	0	0	0	277	326
15	0	0	0	0	275	327
0	0	0	0	0	280	328
1	0	0	0	0	291	329
2	0	0	0	0	304	330
3	0	0	0	0	322	331
4	0	0	0	0	348	332
5	0	0	0	0	379	333
6	0	0	0	0	413	335
7	0	0	0	0	452	336
8	0	0	0	0	493	337
9	0	0	0	0	533	338
10	0	0	0	0	572	339
11	0	0	0	0	607	340
12	0	0	0	0	636	339
13	0	0	0	0	657	340
14	0	0	0	0	670	339
15	0	0	0	0	675	339
0	0	0	0	0	674	339
1	0	0	0	0	666	338
2	0	0	0	0	655	337
3	0	0	0	0	640	336
4	0	0	0	0	623	335
5	0	0	0	0	604	334
6	0	0	0	0	584	334
7	0	0	0	0	562	333
8	0	0	0	0	539	332
9	0	0	0	0	518	331
10	0	0	0	0	499	329
11	0	0	0	0	486	328
12	0	0	0	0	471	326
13	0	0	0	0	453	325
14	0	0	0	0	440	324
15	0	0	0	0	431	322
0	0	0	0	0	425	321
1	0	0	0	0	422	319
2	0	0	0	0	424	318
3	0	0	0	0	431	317
4	0	0	0	0	438	315
5	0	0	0	0	448	314
6	0	0	0	0	459	312
7	0	0	0	0	470	311
8	0	0	0	0	479	309
9	0	0	0	0	487	308
10	0	0	0	0	495	307
11	0	0	0	0	500	306
12	0	0	0	0	503	304
13	0	0	0	0	503	303
14	0	0	0	0	500	302
15	0	0	0	0	496	301
0	0	0	0	0	490	300
1	0	0	0	0	483	299
2	0	0	0	0	477	298
3	0	0	0	0	471	296
4	0	0	0	0	465	296
5	0	0	0	0	460	295
6	0	0	0	0	457	292
7	0	0	0	0	455	291
8	0	0	0	0	453	291
9	0	0	0	0	450	291
10	0	0	0	0	450	292
11	0	0	0	0	450	293
12	0	0	0	0	452	293
13	0	0	0	0	453	292
14	0	0	0	0	454	290
15	0	0	0	0	457	289
0	0	0	0	0	459	288
1	0	0	0	0	459	287
2	0	0	0	0	462	287
3	0	0	0	0	465	287
4	0	0	0	0	468	287
5	0	0	0	0	470	287
6	0	0	0	0	475	286
7	0	0	0	0	481	285
8	0	0	0	0	489	284
9	0	0	0	0	502	283
10	0	0	0	0	519	282
11	0	0	0	0	541	281
12	0	0	0	0	564	280
13	0	0	0	0	589	280
14	0	0	0	0	614	279
15	0	0	0	0	635	278
0	0	0	0	0	653	278
1	0	0	0	0	664	278
2	0	0	0	0	671	279
3	0	0	0	0	671	278
4	0	0	0	0	664	277
5	0	0	0	0	653	276
6	0	0	0	0	636	274
7	0	0	0	0	619	274
8	0	0	0	0	599	274
9	0	0	0	0	578	273
10	0	0	0	0	556	272
11	0	0	0	0	537	273
12	0	0	0	0	518	272
13	0	0	0	0	499	271
14	0	0	0	0	483	270
15	0	0	0	0	471	270
0	0	0	0	0	460	268
1	0	0	0	0	452	267
2	0	0	0	0	447	266
3	0	0	0	0	445	265
4	0	0	0	0	447	263
5	0	0	0	0	450	263
6	0	0	0	0	455	261
7	0	0	0	0	463	260
8	0	0	0	0	471	258
