# OpenSignals Text File Format
# {"98:D3:51:FD:8E:66":{"sensor":["RAW","RESPBIT"],"device name":"98:D3:51:FD:8E:66","column":["nSeq","I1","I2","O1","O2","A1","A3"],"sync interval":2,"time":"00:37:07","comments":"","device connection":"BTH98:D3:51:FD:8E:66","channels":[1,3],"date":"2021-09-19","mode":0,"digital IO":[0,0,1,1],"firmware version":0,"device":"bitalino_rev","position":0,"sampling rate":100,"label":["A1","A3"],"resolution":[10,10],"special":[{},{}]}}
# EndOfHeader
0	0	0	0	0	441	354
1	0	0	0	0	488	356
2	0	0	0	0	530	357
3	0	0	0	0	568	360
4	0	0	0	0	596	361
5	0	0	0	0	615	363
6	0	0	0	0	623	364
7	0	0	0	0	622	365
8	0	0	0	0	612	366
9	0	0	0	0	594	367
10	0	0	0	0	571	368
11	0	0	0	0	544	370
12	0	0	0	0	515	371
13	0	0	0	0	485	371
14	0	0	0	0	457	372
15	0	0	0	0	430	372
0	0	0	0	0	407	373
1	0	0	0	0	389	374
2	0	0	0	0	376	374
3	0	0	0	0	368	374
4	0	0	0	0	364	373
5	0	0	0	0	364	371
6	0	0	0	0	367	370
7	0	0	0	0	374	369
8	0	0	0	0	383	368
9	0	0	0	0	393	368
10	0	0	0	0	405	369
11	0	0	0	0	417	370
12	0	0	0	0	429	371
13	0	0	0	0	438	372
14	0	0	0	0	447	373
15	0	0	0	0	459	375
0	0	0	0	0	476	376
1	0	0	0	0	504	378
2	0	0	0	0	546	380
3	0	0	0	0	602	381
4	0	0	0	0	669	383
5	0	0	0	0	739	384
6	0	0	0	0	806	385
7	0	0	0	0	864	385
8	0	0	0	0	907	386
9	0	0	0	0	931	389
10	0	0	0	0	934	391
11	0	0	0	0	916	393
12	0	0	0	0	881	396
13	0	0	0	0	830	400
14	0	0	0	0	767	404
15	0	0	0	0	696	410
0	0	0	0	0	620	416
1	0	0	0	0	544	423
2	0	0	0	0	472	429
3	0	0	0	0	409	437
4	0	0	0	0	355	445
5	0	0	0	0	313	454
6	0	0	0	0	281	463
7	0	0	0	0	263	473
8	0	0	0	0	260	485
9	0	0	0	0	269	497
10	0	0	0	0	289	509
11	0	0	0	0	321	522
12	0	0	0	0	359	534
13	0	0	0	0	402	547
14	0	0	0	0	445	559
15	0	0	0	0	489	571
0	0	0	0	0	527	583
1	0	0	0	0	558	594
2	0	0	0	0	579	606
3	0	0	0	0	590	616
4	0	0	0	0	592	627
5	0	0	0	0	586	637
6	0	0	0	0	571	647
7	0	0	0	0	550	657
8	0	0	0	0	524	666
9	0	0	0	0	496	676
10	0	0	0	0	467	685
11	0	0	0	0	439	694
12	0	0	0	0	415	702
13	0	0	0	0	394	711
14	0	0	0	0	378	720
15	0	0	0	0	366	730
0	0	0	0	0	359	739
1	0	0	0	0	354	748
2	0	0	0	0	354	755
3	0	0	0	0	357	762
4	0	0	0	0	363	769
5	0	0	0	0	371	778
6	0	0	0	0	381	787
7	0	0	0	0	391	796
8	0	0	0	0	401	804
9	0	0	0	0	413	813
10	0	0	0	0	422	821
11	0	0	0	0	431	829
12	0	0	0	0	438	836
13	0	0	0	0	445	843
14	0	0	0	0	452	850
15	0	0	0	0	464	856
0	0	0	0	0	486	862
1	0	0	0	0	524	868
2	0	0	0	0	574	873
3	0	0	0	0	634	877
4	0	0	0	0	696	881
5	0	0	0	0	756	885
6	0	0	0	0	807	888
7	0	0	0	0	844	891
8	0	0	0	0	862	893
9	0	0	0	0	861	894
10	0	0	0	0	840	895
11	0	0	0	0	806	896
12	0	0	0	0	755	894
13	0	0	0	0	696	891
14	0	0	0	0	629	886
15	0	0	0	0	561	881
0	0	0	0	0	496	873
1	0	0	0	0	433	865
2	0	0	0	0	377	854
3	0	0	0	0	327	841
4	0	0	0	0	291	827
5	0	0	0	0	265	809
6	0	0	0	0	249	791
7	0	0	0	0	247	773
8	0	0	0	0	257	755
9	0	0	0	0	280	736
10	0	0	0	0	314	716
11	0	0	0	0	359	697
12	0	0	0	0	412	677
13	0	0	0	0	467	657
14	0	0	0	0	522	639
15	0	0	0	0	574	620
0	0	0	0	0	616	602
1	0	0	0	0	650	585
2	0	0	0	0	671	567
3	0	0	0	0	680	550
4	0	0	0	0	679	532
5	0	0	0	0	667	514
6	0	0	0	0	645	495
7	0	0	0	0	617	478
8	0	0	0	0	587	462
9	0	0	0	0	551	446
10	0	0	0	0	516	432
11	0	0	0	0	480	417
12	0	0	0	0	448	403
13	0	0	0	0	420	389
14	0	0	0	0	397	373
15	0	0	0	0	380	359
0	0	0	0	0	369	345
1	0	0	0	0	363	332
2	0	0	0	0	361	321
3	0	0	0	0	364	311
4	0	0	0	0	370	302
5	0	0	0	0	378	294
6	0	0	0	0	386	287
7	0	0	0	0	398	280
8	0	0	0	0	412	272
9	0	0	0	0	430	266
10	0	0	0	0	456	259
11	0	0	0	0	497	253
12	0	0	0	0	551	246
13	0	0	0	0	617	242
14	0	0	0	0	691	235
15	0	0	0	0	767	231
0	0	0	0	0	836	223
1	0	0	0	0	892	222
2	0	0	0	0	930	216
3	0	0	0	0	936	211
4	0	0	0	0	936	211
5	0	0	0	0	920	205
6	0	0	0	0	876	206
7	0	0	0	0	818	205
8	0	0	0	0	748	204
9	0	0	0	0	671	207
10	0	0	0	0	595	206
11	0	0	0	0	520	210
12	0	0	0	0	450	212
13	0	0	0	0	386	217
14	0	0	0	0	334	223
15	0	0	0	0	295	230
0	0	0	0	0	269	239
1	0	0	0	0	257	249
2	0	0	0	0	260	262
3	0	0	0	0	277	277
4	0	0	0	0	306	295
5	0	0	0	0	344	313
6	0	0	0	0	391	332
7	0	0	0	0	439	353
8	0	0	0	0	486	374
9	0	0	0	0	525	396
10	0	0	0	0	561	417
11	0	0	0	0	586	439
12	0	0	0	0	600	460
13	0	0	0	0	604	483
14	0	0	0	0	596	505
15	0	0	0	0	579	527
0	0	0	0	0	557	549
1	0	0	0	0	529	570
2	0	0	0	0	497	590
3	0	0	0	0	466	609
4	0	0	0	0	435	628
5	0	0	0	0	406	647
6	0	0	0	0	380	664
7	0	0	0	0	359	680
8	0	0	0	0	343	696
9	0	0	0	0	332	710
10	0	0	0	0	328	724
11	0	0	0	0	329	737
12	0	0	0	0	333	751
13	0	0	0	0	341	764
14	0	0	0	0	351	777
15	0	0	0	0	363	789
0	0	0	0	0	376	801
1	0	0	0	0	388	813
2	0	0	0	0	401	824
3	0	0	0	0	412	834
4	0	0	0	0	424	844
5	0	0	0	0	439	853
6	0	0	0	0	461	863
7	0	0	0	0	496	871
8	0	0	0	0	550	880
9	0	0	0	0	615	887
10	0	0	0	0	687	893
11	0	0	0	0	760	900
12	0	0	0	0	824	905
13	0	0	0	0	872	911
14	0	0	0	0	902	916
15	0	0	0	0	910	919
0	0	0	0	0	899	921
1	0	0	0	0	867	921
2	0	0	0	0	816	919
3	0	0	0	0	753	915
4	0	0	0	0	681	909
5	0	0	0	0	604	902
6	0	0	0	0	528	894
7	0	0	0	0	455	884
8	0	0	0	0	389	872
9	0	0	0	0	332	858
10	0	0	0	0	284	842
11	0	0	0	0	250	824
12	0	0	0	0	230	805
13	0	0	0	0	222	784
14	0	0	0	0	229	762
15	0	0	0	0	251	741
0	0	0	0	0	287	723
1	0	0	0	0	334	707
2	0	0	0	0	391	691
3	0	0	0	0	453	675
4	0	0	0	0	517	657
5	0	0	0	0	577	639
6	0	0	0	0	630	620
7	0	0	0	0	671	600
8	0	0	0	0	700	580
9	0	0	0	0	715	559
10	0	0	0	0	715	539
11	0	0	0	0	699	518
12	0	0	0	0	672	499
13	0	0	0	0	636	481
14	0	0	0	0	594	465
15	0	0	0	0	551	452
0	0	0	0	0	507	438
1	0	0	0	0	462	424
2	0	0	0	0	422	409
3	0	0	0	0	389	395
4	0	0	0	0	362	381
5	0	0	0	0	342	368
6	0	0	0	0	330	356
7	0	0	0	0	325	345
8	0	0	0	0	326	336
9	0	0	0	0	334	328
10	0	0	0	0	346	320
11	0	0	0	0	361	314
12	0	0	0	0	377	309
13	0	0	0	0	399	304
14	0	0	0	0	427	300
15	0	0	0	0	468	296
0	0	0	0	0	523	293
1	0	0	0	0	588	291
2	0	0	0	0	664	289
3	0	0	0	0	742	289
4	0	0	0	0	816	289
5	0	0	0	0	882	289
6	0	0	0	0	930	289
7	0	0	0	0	936	293
8	0	0	0	0	937	294
9	0	0	0	0	936	297
10	0	0	0	0	924	300
11	0	0	0	0	876	307
12	0	0	0	0	814	311
13	0	0	0	0	741	319
14	0	0	0	0	662	327
15	0	0	0	0	581	335
0	0	0	0	0	504	345
1	0	0	0	0	433	355
2	0	0	0	0	370	366
3	0	0	0	0	319	378
4	0	0	0	0	280	391
5	0	0	0	0	255	405
6	0	0	0	0	245	420
7	0	0	0	0	251	436
8	0	0	0	0	269	453
9	0	0	0	0	299	470
10	0	0	0	0	337	487
11	0	0	0	0	380	505
12	0	0	0	0	427	524
13	0	0	0	0	472	541
14	0	0	0	0	511	559
15	0	0	0	0	543	575
0	0	0	0	0	568	591
1	0	0	0	0	582	607
2	0	0	0	0	587	622
3	0	0	0	0	583	636
4	0	0	0	0	572	650
5	0	0	0	0	554	663
6	0	0	0	0	530	675
7	0	0	0	0	504	688
8	0	0	0	0	477	699
9	0	0	0	0	450	710
10	0	0	0	0	424	720
11	0	0	0	0	400	730
12	0	0	0	0	381	739
13	0	0	0	0	366	747
14	0	0	0	0	355	755
15	0	0	0	0	349	764
0	0	0	0	0	347	772
1	0	0	0	0	349	780
2	0	0	0	0	354	788
3	0	0	0	0	361	796
4	0	0	0	0	370	803
5	0	0	0	0	379	811
6	0	0	0	0	390	818
7	0	0	0	0	403	825
8	0	0	0	0	423	832
9	0	0	0	0	457	838
10	0	0	0	0	506	843
11	0	0	0	0	571	848
12	0	0	0	0	645	852
13	0	0	0	0	723	856
14	0	0	0	0	798	859
15	0	0	0	0	860	862
0	0	0	0	0	905	864
1	0	0	0	0	929	865
2	0	0	0	0	931	865
3	0	0	0	0	912	864
4	0	0	0	0	875	861
5	0	0	0	0	823	856
6	0	0	0	0	759	850
7	0	0	0	0	686	842
8	0	0	0	0	609	832
9	0	0	0	0	533	820
10	0	0	0	0	460	808
11	0	0	0	0	396	794
12	0	0	0	0	339	779
13	0	0	0	0	294	761
14	0	0	0	0	260	742
15	0	0	0	0	243	720
0	0	0	0	0	240	698
1	0	0	0	0	253	675
2	0	0	0	0	279	654
3	0	0	0	0	320	633
4	0	0	0	0	371	615
5	0	0	0	0	427	597
6	0	0	0	0	484	579
7	0	0	0	0	540	561
8	0	0	0	0	591	543
9	0	0	0	0	632	524
10	0	0	0	0	664	504
11	0	0	0	0	686	483
12	0	0	0	0	694	462
13	0	0	0	0	688	441
14	0	0	0	0	671	421
15	0	0	0	0	645	403
0	0	0	0	0	610	390
1	0	0	0	0	570	376
2	0	0	0	0	529	364
3	0	0	0	0	486	351
4	0	0	0	0	446	338
5	0	0	0	0	408	324
6	0	0	0	0	377	311
7	0	0	0	0	354	300
8	0	0	0	0	339	289
9	0	0	0	0	331	279
10	0	0	0	0	329	271
11	0	0	0	0	334	262
12	0	0	0	0	343	255
13	0	0	0	0	357	249
14	0	0	0	0	377	243
15	0	0	0	0	404	238
0	0	0	0	0	442	235
1	0	0	0	0	491	230
2	0	0	0	0	554	228
3	0	0	0	0	630	224
4	0	0	0	0	713	220
5	0	0	0	0	795	215
6	0	0	0	0	870	213
7	0	0	0	0	930	208
8	0	0	0	0	937	204
9	0	0	0	0	937	201
10	0	0	0	0	937	203
11	0	0	0	0	937	200
12	0	0	0	0	935	199
13	0	0	0	0	876	202
14	0	0	0	0	808	204
15	0	0	0	0	731	204
0	0	0	0	0	652	207
1	0	0	0	0	572	207
2	0	0	0	0	497	211
3	0	0	0	0	429	214
4	0	0	0	0	370	219
5	0	0	0	0	323	225
6	0	0	0	0	289	232
7	0	0	0	0	270	240
8	0	0	0	0	268	250
9	0	0	0	0	280	261
10	0	0	0	0	304	275
11	0	0	0	0	340	291
12	0	0	0	0	385	308
13	0	0	0	0	431	326
14	0	0	0	0	478	345
15	0	0	0	0	521	365
0	0	0	0	0	558	384
1	0	0	0	0	584	404
2	0	0	0	0	599	425
3	0	0	0	0	602	445
4	0	0	0	0	596	464
5	0	0	0	0	582	483
6	0	0	0	0	561	502
7	0	0	0	0	535	520
8	0	0	0	0	504	539
9	0	0	0	0	472	557
10	0	0	0	0	440	574
11	0	0	0	0	409	590
12	0	0	0	0	383	606
13	0	0	0	0	361	619
14	0	0	0	0	347	632
15	0	0	0	0	336	646
0	0	0	0	0	330	658
1	0	0	0	0	330	671
2	0	0	0	0	333	683
3	0	0	0	0	339	695
4	0	0	0	0	348	707
5	0	0	0	0	359	718
6	0	0	0	0	372	728
7	0	0	0	0	389	739
8	0	0	0	0	412	749
9	0	0	0	0	445	759
10	0	0	0	0	492	768
11	0	0	0	0	554	777
12	0	0	0	0	627	786
13	0	0	0	0	705	794
14	0	0	0	0	782	801
15	0	0	0	0	849	808
0	0	0	0	0	900	815
1	0	0	0	0	931	821
2	0	0	0	0	936	827
3	0	0	0	0	927	831
4	0	0	0	0	891	836
5	0	0	0	0	840	841
6	0	0	0	0	774	844
7	0	0	0	0	702	847
8	0	0	0	0	624	849
9	0	0	0	0	548	850
10	0	0	0	0	475	851
11	0	0	0	0	408	849
12	0	0	0	0	349	847
13	0	0	0	0	303	844
14	0	0	0	0	271	839
15	0	0	0	0	250	834
0	0	0	0	0	243	828
1	0	0	0	0	250	819
2	0	0	0	0	271	809
3	0	0	0	0	303	797
4	0	0	0	0	344	783
5	0	0	0	0	393	766
6	0	0	0	0	445	747
7	0	0	0	0	495	727
8	0	0	0	0	540	707
9	0	0	0	0	575	687
10	0	0	0	0	603	666
11	0	0	0	0	620	646
12	0	0	0	0	627	626
13	0	0	0	0	626	606
14	0	0	0	0	615	588
15	0	0	0	0	599	570
0	0	0	0	0	577	553
1	0	0	0	0	552	537
2	0	0	0	0	527	519
3	0	0	0	0	501	499
4	0	0	0	0	477	478
5	0	0	0	0	455	456
6	0	0	0	0	437	436
7	0	0	0	0	422	419
8	0	0	0	0	410	404
9	0	0	0	0	401	391
10	0	0	0	0	395	381
11	0	0	0	0	391	372
12	0	0	0	0	390	363
13	0	0	0	0	391	354
14	0	0	0	0	396	345
15	0	0	0	0	405	337
0	0	0	0	0	422	330
1	0	0	0	0	449	323
2	0	0	0	0	492	318
3	0	0	0	0	549	312
4	0	0	0	0	616	309
5	0	0	0	0	691	304
6	0	0	0	0	767	302
7	0	0	0	0	835	298
8	0	0	0	0	889	296
9	0	0	0	0	926	289
10	0	0	0	0	936	287
11	0	0	0	0	936	284
12	0	0	0	0	908	279
13	0	0	0	0	863	277
14	0	0	0	0	803	273
15	0	0	0	0	734	273
0	0	0	0	0	658	270
1	0	0	0	0	580	267
2	0	0	0	0	504	263
3	0	0	0	0	436	260
4	0	0	0	0	376	257
5	0	0	0	0	326	255
6	0	0	0	0	291	253
7	0	0	0	0	270	251
8	0	0	0	0	265	249
9	0	0	0	0	274	247
10	0	0	0	0	299	246
11	0	0	0	0	333	244
12	0	0	0	0	375	243
13	0	0	0	0	420	243
14	0	0	0	0	467	243
15	0	0	0	0	509	244
0	0	0	0	0	546	246
1	0	0	0	0	576	250
2	0	0	0	0	597	254
3	0	0	0	0	609	260
4	0	0	0	0	611	267
5	0	0	0	0	603	276
6	0	0	0	0	589	286
7	0	0	0	0	567	298
8	0	0	0	0	542	312
9	0	0	0	0	512	328
10	0	0	0	0	483	345
11	0	0	0	0	456	361
12	0	0	0	0	430	378
13	0	0	0	0	407	394
14	0	0	0	0	388	411
15	0	0	0	0	374	427
0	0	0	0	0	364	444
1	0	0	0	0	359	463
2	0	0	0	0	356	481
3	0	0	0	0	355	500
4	0	0	0	0	357	519
5	0	0	0	0	361	537
6	0	0	0	0	368	556
7	0	0	0	0	378	573
8	0	0	0	0	393	590
9	0	0	0	0	419	607
10	0	0	0	0	458	623
11	0	0	0	0	510	638
12	0	0	0	0	576	652
13	0	0	0	0	650	665
14	0	0	0	0	724	678
15	0	0	0	0	794	691
0	0	0	0	0	852	703
1	0	0	0	0	894	716
2	0	0	0	0	913	727
3	0	0	0	0	913	739
4	0	0	0	0	890	749
5	0	0	0	0	850	760
6	0	0	0	0	794	770
7	0	0	0	0	729	780
8	0	0	0	0	659	789
9	0	0	0	0	585	798
10	0	0	0	0	512	806
11	0	0	0	0	444	814
12	0	0	0	0	382	821
13	0	0	0	0	331	829
14	0	0	0	0	291	835
15	0	0	0	0	265	842
0	0	0	0	0	252	847
1	0	0	0	0	253	852
2	0	0	0	0	266	856
3	0	0	0	0	291	860
4	0	0	0	0	327	863
5	0	0	0	0	369	865
6	0	0	0	0	412	866
7	0	0	0	0	455	864
8	0	0	0	0	495	861
9	0	0	0	0	527	857
10	0	0	0	0	553	852
11	0	0	0	0	570	846
12	0	0	0	0	578	838
13	0	0	0	0	577	830
14	0	0	0	0	570	820
15	0	0	0	0	556	806
0	0	0	0	0	539	790
1	0	0	0	0	518	771
2	0	0	0	0	494	750
3	0	0	0	0	472	730
4	0	0	0	0	452	709
5	0	0	0	0	434	688
6	0	0	0	0	417	668
7	0	0	0	0	404	647
8	0	0	0	0	396	626
9	0	0	0	0	391	607
10	0	0	0	0	389	586
11	0	0	0	0	390	567
12	0	0	0	0	395	547
13	0	0	0	0	401	528
14	0	0	0	0	409	508
15	0	0	0	0	419	489
0	0	0	0	0	432	472
1	0	0	0	0	448	457
2	0	0	0	0	473	443
3	0	0	0	0	509	431
4	0	0	0	0	555	419
5	0	0	0	0	608	408
6	0	0	0	0	668	398
7	0	0	0	0	729	388
8	0	0	0	0	785	380
9	0	0	0	0	828	371
10	0	0	0	0	856	362
11	0	0	0	0	867	354
12	0	0	0	0	860	348
13	0	0	0	0	835	339
14	0	0	0	0	796	335
15	0	0	0	0	744	330
0	0	0	0	0	685	326
1	0	0	0	0	621	322
2	0	0	0	0	554	318
3	0	0	0	0	491	312
4	0	0	0	0	433	307
5	0	0	0	0	381	303
6	0	0	0	0	339	298
7	0	0	0	0	309	294
8	0	0	0	0	293	290
9	0	0	0	0	289	286
10	0	0	0	0	298	281
11	0	0	0	0	321	278
12	0	0	0	0	353	273
13	0	0	0	0	391	270
14	0	0	0	0	432	265
15	0	0	0	0	471	262
0	0	0	0	0	507	259
1	0	0	0	0	536	256
2	0	0	0	0	558	253
3	0	0	0	0	573	250
4	0	0	0	0	582	247
5	0	0	0	0	582	248
6	0	0	0	0	574	247
7	0	0	0	0	560	247
8	0	0	0	0	543	248
9	0	0	0	0	523	250
10	0	0	0	0	500	254
11	0	0	0	0	478	259
12	0	0	0	0	457	263
13	0	0	0	0	439	268
14	0	0	0	0	421	275
15	0	0	0	0	408	282
0	0	0	0	0	397	291
1	0	0	0	0	390	301
2	0	0	0	0	385	314
3	0	0	0	0	385	329
4	0	0	0	0	386	344
5	0	0	0	0	389	362
6	0	0	0	0	391	380
7	0	0	0	0	397	399
8	0	0	0	0	406	418
9	0	0	0	0	415	438
10	0	0	0	0	435	457
11	0	0	0	0	465	476
12	0	0	0	0	509	495
13	0	0	0	0	563	514
14	0	0	0	0	624	534
15	0	0	0	0	688	552
0	0	0	0	0	745	571
1	0	0	0	0	793	589
2	0	0	0	0	828	606
3	0	0	0	0	845	622
4	0	0	0	0	844	637
5	0	0	0	0	823	653
6	0	0	0	0	788	668
7	0	0	0	0	740	682
8	0	0	0	0	682	695
9	0	0	0	0	619	707
10	0	0	0	0	555	719
11	0	0	0	0	491	729
12	0	0	0	0	430	740
13	0	0	0	0	377	750
14	0	0	0	0	334	759
15	0	0	0	0	301	768
0	0	0	0	0	280	777
1	0	0	0	0	271	785
2	0	0	0	0	274	793
3	0	0	0	0	290	800
4	0	0	0	0	316	807
5	0	0	0	0	349	814
6	0	0	0	0	387	820
7	0	0	0	0	427	826
8	0	0	0	0	465	831
9	0	0	0	0	499	837
10	0	0	0	0	528	842
11	0	0	0	0	550	847
12	0	0	0	0	564	851
13	0	0	0	0	569	855
14	0	0	0	0	567	859
15	0	0	0	0	559	861
0	0	0	0	0	545	864
1	0	0	0	0	528	867
2	0	0	0	0	508	868
3	0	0	0	0	487	870
4	0	0	0	0	465	870
5	0	0	0	0	444	868
6	0	0	0	0	425	864
7	0	0	0	0	408	858
8	0	0	0	0	396	851
9	0	0	0	0	386	844
10	0	0	0	0	379	836
11	0	0	0	0	375	826
12	0	0	0	0	373	815
13	0	0	0	0	374	801
14	0	0	0	0	377	785
15	0	0	0	0	383	768
0	0	0	0	0	389	751
1	0	0	0	0	398	735
2	0	0	0	0	410	719
3	0	0	0	0	428	704
4	0	0	0	0	456	689
5	0	0	0	0	499	673
6	0	0	0	0	552	657
7	0	0	0	0	612	641
8	0	0	0	0	675	626
9	0	0	0	0	736	613
10	0	0	0	0	788	600
11	0	0	0	0	827	588
12	0	0	0	0	849	576
13	0	0	0	0	855	565
14	0	0	0	0	842	552
15	0	0	0	0	812	540
0	0	0	0	0	768	530
1	0	0	0	0	712	519
2	0	0	0	0	649	509
3	0	0	0	0	584	498
4	0	0	0	0	519	488
5	0	0	0	0	458	479
6	0	0	0	0	404	470
7	0	0	0	0	357	462
8	0	0	0	0	320	454
9	0	0	0	0	296	446
10	0	0	0	0	285	437
11	0	0	0	0	287	430
12	0	0	0	0	301	423
13	0	0	0	0	328	416
14	0	0	0	0	361	411
15	0	0	0	0	399	404
0	0	0	0	0	441	398
1	0	0	0	0	481	392
2	0	0	0	0	516	386
3	0	0	0	0	547	380
4	0	0	0	0	569	374
5	0	0	0	0	583	369
6	0	0	0	0	587	364
7	0	0	0	0	584	359
8	0	0	0	0	573	355
9	0	0	0	0	556	349
10	0	0	0	0	538	344
11	0	0	0	0	515	339
12	0	0	0	0	491	336
13	0	0	0	0	468	332
14	0	0	0	0	447	328
15	0	0	0	0	429	324
0	0	0	0	0	414	319
1	0	0	0	0	401	314
2	0	0	0	0	392	309
3	0	0	0	0	384	305
4	0	0	0	0	381	301
5	0	0	0	0	380	298
6	0	0	0	0	381	296
7	0	0	0	0	386	295
8	0	0	0	0	393	295
9	0	0	0	0	400	295
10	0	0	0	0	410	296
11	0	0	0	0	425	299
12	0	0	0	0	451	301
13	0	0	0	0	487	304
14	0	0	0	0	535	306
15	0	0	0	0	591	310
0	0	0	0	0	652	313
1	0	0	0	0	711	317
2	0	0	0	0	765	323
3	0	0	0	0	806	328
4	0	0	0	0	832	335
5	0	0	0	0	840	343
6	0	0	0	0	831	350
7	0	0	0	0	805	358
8	0	0	0	0	766	370
9	0	0	0	0	716	382
10	0	0	0	0	657	395
11	0	0	0	0	594	408
12	0	0	0	0	532	422
13	0	0	0	0	473	436
14	0	0	0	0	419	449
15	0	0	0	0	373	463
0	0	0	0	0	335	476
1	0	0	0	0	308	491
2	0	0	0	0	293	505
3	0	0	0	0	290	519
4	0	0	0	0	298	533
5	0	0	0	0	315	547
6	0	0	0	0	341	560
7	0	0	0	0	372	572
8	0	0	0	0	405	584
9	0	0	0	0	441	595
10	0	0	0	0	475	606
11	0	0	0	0	504	617
12	0	0	0	0	527	627
13	0	0	0	0	543	637
14	0	0	0	0	551	647
15	0	0	0	0	554	656
0	0	0	0	0	550	666
1	0	0	0	0	540	674
2	0	0	0	0	526	683
3	0	0	0	0	508	692
4	0	0	0	0	488	701
5	0	0	0	0	467	710
6	0	0	0	0	448	717
7	0	0	0	0	430	725
8	0	0	0	0	415	732
9	0	0	0	0	401	737
10	0	0	0	0	391	743
11	0	0	0	0	384	749
12	0	0	0	0	380	755
13	0	0	0	0	378	761
14	0	0	0	0	377	767
15	0	0	0	0	379	772
0	0	0	0	0	382	778
1	0	0	0	0	388	783
2	0	0	0	0	393	788
3	0	0	0	0	402	792
4	0	0	0	0	415	796
5	0	0	0	0	435	799
6	0	0	0	0	465	802
7	0	0	0	0	504	804
8	0	0	0	0	552	806
9	0	0	0	0	606	805
10	0	0	0	0	659	804
11	0	0	0	0	708	801
12	0	0	0	0	747	797
13	0	0	0	0	773	792
14	0	0	0	0	783	785
15	0	0	0	0	777	777
0	0	0	0	0	758	766
1	0	0	0	0	726	754
2	0	0	0	0	685	739
3	0	0	0	0	637	721
4	0	0	0	0	584	702
5	0	0	0	0	530	684
6	0	0	0	0	478	667
7	0	0	0	0	431	649
8	0	0	0	0	388	630
9	0	0	0	0	355	611
10	0	0	0	0	330	592
11	0	0	0	0	315	574
12	0	0	0	0	311	556
13	0	0	0	0	319	538
14	0	0	0	0	336	521
15	0	0	0	0	363	503
0	0	0	0	0	397	486
1	0	0	0	0	436	467
2	0	0	0	0	476	449
3	0	0	0	0	513	431
4	0	0	0	0	547	414
5	0	0	0	0	572	398
6	0	0	0	0	589	384
7	0	0	0	0	596	370
8	0	0	0	0	595	358
9	0	0	0	0	587	345
10	0	0	0	0	575	332
11	0	0	0	0	557	319
12	0	0	0	0	536	308
13	0	0	0	0	513	296
14	0	0	0	0	489	285
15	0	0	0	0	468	274
0	0	0	0	0	449	262
1	0	0	0	0	431	250
2	0	0	0	0	417	239
3	0	0	0	0	406	229
4	0	0	0	0	399	220
5	0	0	0	0	395	211
6	0	0	0	0	394	202
7	0	0	0	0	395	195
8	0	0	0	0	399	188
9	0	0	0	0	404	184
10	0	0	0	0	410	178
11	0	0	0	0	420	174
12	0	0	0	0	439	171
13	0	0	0	0	465	166
14	0	0	0	0	502	165
15	0	0	0	0	551	161
0	0	0	0	0	607	160
1	0	0	0	0	666	155
2	0	0	0	0	721	155
3	0	0	0	0	769	152
4	0	0	0	0	803	153
5	0	0	0	0	822	151
6	0	0	0	0	822	151
7	0	0	0	0	807	151
8	0	0	0	0	777	149
9	0	0	0	0	732	153
10	0	0	0	0	678	152
11	0	0	0	0	619	157
12	0	0	0	0	557	160
13	0	0	0	0	500	161
14	0	0	0	0	446	165
15	0	0	0	0	399	167
0	0	0	0	0	360	170
1	0	0	0	0	331	175
2	0	0	0	0	311	179
3	0	0	0	0	303	185
4	0	0	0	0	309	191
5	0	0	0	0	325	199
6	0	0	0	0	350	208
7	0	0	0	0	384	217
8	0	0	0	0	421	227
9	0	0	0	0	456	239
10	0	0	0	0	490	251
11	0	0	0	0	519	265
12	0	0	0	0	543	278
13	0	0	0	0	561	296
14	0	0	0	0	571	313
15	0	0	0	0	574	333
0	0	0	0	0	569	352
1	0	0	0	0	557	371
2	0	0	0	0	541	390
3	0	0	0	0	520	409
4	0	0	0	0	498	428
5	0	0	0	0	473	447
6	0	0	0	0	450	466
7	0	0	0	0	428	485
8	0	0	0	0	408	504
9	0	0	0	0	391	521
10	0	0	0	0	380	538
11	0	0	0	0	373	555
12	0	0	0	0	367	571
13	0	0	0	0	367	588
14	0	0	0	0	369	604
15	0	0	0	0	374	618
0	0	0	0	0	380	633
1	0	0	0	0	387	648
2	0	0	0	0	395	662
3	0	0	0	0	406	675
4	0	0	0	0	421	688
5	0	0	0	0	443	700
6	0	0	0	0	473	711
7	0	0	0	0	517	722
8	0	0	0	0	567	733
9	0	0	0	0	621	743
10	0	0	0	0	674	752
11	0	0	0	0	720	760
12	0	0	0	0	756	769
13	0	0	0	0	780	777
14	0	0	0	0	786	783
15	0	0	0	0	779	790
0	0	0	0	0	758	795
1	0	0	0	0	721	800
2	0	0	0	0	676	805
3	0	0	0	0	625	809
4	0	0	0	0	571	813
5	0	0	0	0	513	816
6	0	0	0	0	460	818
7	0	0	0	0	411	819
8	0	0	0	0	367	820
9	0	0	0	0	331	820
10	0	0	0	0	305	818
11	0	0	0	0	290	816
12	0	0	0	0	286	814
13	0	0	0	0	292	810
14	0	0	0	0	310	805
15	0	0	0	0	337	799
0	0	0	0	0	372	791
1	0	0	0	0	409	781
2	0	0	0	0	448	770
3	0	0	0	0	486	757
4	0	0	0	0	521	743
5	0	0	0	0	549	728
6	0	0	0	0	568	714
7	0	0	0	0	581	700
8	0	0	0	0	586	684
9	0	0	0	0	582	668
10	0	0	0	0	572	652
11	0	0	0	0	558	636
12	0	0	0	0	541	619
13	0	0	0	0	521	604
14	0	0	0	0	499	588
15	0	0	0	0	479	571
0	0	0	0	0	462	553
1	0	0	0	0	447	536
2	0	0	0	0	435	516
3	0	0	0	0	428	497
4	0	0	0	0	422	479
5	0	0	0	0	419	463
6	0	0	0	0	417	449
7	0	0	0	0	418	437
8	0	0	0	0	421	425
9	0	0	0	0	423	415
10	0	0	0	0	427	404
11	0	0	0	0	432	393
12	0	0	0	0	443	384
13	0	0	0	0	460	376
14	0	0	0	0	486	368
15	0	0	0	0	522	362
0	0	0	0	0	566	355
1	0	0	0	0	612	350
2	0	0	0	0	659	345
3	0	0	0	0	701	340
4	0	0	0	0	734	335
5	0	0	0	0	753	328
6	0	0	0	0	760	325
7	0	0	0	0	752	320
8	0	0	0	0	730	316
9	0	0	0	0	697	312
10	0	0	0	0	655	310
11	0	0	0	0	609	307
12	0	0	0	0	560	305
13	0	0	0	0	509	303
14	0	0	0	0	459	300
15	0	0	0	0	413	297
0	0	0	0	0	374	294
1	0	0	0	0	342	291
2	0	0	0	0	320	288
3	0	0	0	0	308	285
4	0	0	0	0	307	282
5	0	0	0	0	318	280
6	0	0	0	0	339	276
7	0	0	0	0	369	273
8	0	0	0	0	404	271
9	0	0	0	0	440	268
10	0	0	0	0	476	264
11	0	0	0	0	508	261
12	0	0	0	0	535	260
13	0	0	0	0	555	259
14	0	0	0	0	568	257
15	0	0	0	0	574	258
0	0	0	0	0	573	257
1	0	0	0	0	565	257
2	0	0	0	0	553	256
3	0	0	0	0	538	257
4	0	0	0	0	519	261
5	0	0	0	0	499	265
6	0	0	0	0	478	270
7	0	0	0	0	458	273
8	0	0	0	0	440	279
9	0	0	0	0	425	285
10	0	0	0	0	412	291
11	0	0	0	0	403	300
12	0	0	0	0	398	309
13	0	0	0	0	396	321
14	0	0	0	0	397	334
15	0	0	0	0	399	349
0	0	0	0	0	403	366
1	0	0	0	0	410	383
2	0	0	0	0	417	401
3	0	0	0	0	428	419
4	0	0	0	0	448	438
5	0	0	0	0	478	457
6	0	0	0	0	517	477
7	0	0	0	0	564	496
8	0	0	0	0	617	515
9	0	0	0	0	668	536
10	0	0	0	0	713	556
11	0	0	0	0	749	575
12	0	0	0	0	772	593
13	0	0	0	0	778	612
14	0	0	0	0	770	630
15	0	0	0	0	749	647
0	0	0	0	0	714	664
1	0	0	0	0	670	680
2	0	0	0	0	619	696
3	0	0	0	0	564	710
4	0	0	0	0	509	724
5	0	0	0	0	456	737
6	0	0	0	0	408	750
7	0	0	0	0	366	762
8	0	0	0	0	331	774
9	0	0	0	0	307	785
10	0	0	0	0	293	795
11	0	0	0	0	290	805
12	0	0	0	0	296	815
13	0	0	0	0	314	824
14	0	0	0	0	340	832
15	0	0	0	0	373	841
0	0	0	0	0	409	848
1	0	0	0	0	447	855
2	0	0	0	0	484	861
3	0	0	0	0	516	866
4	0	0	0	0	543	871
5	0	0	0	0	564	876
6	0	0	0	0	577	879
7	0	0	0	0	583	881
8	0	0	0	0	580	881
9	0	0	0	0	571	879
10	0	0	0	0	557	876
11	0	0	0	0	538	871
12	0	0	0	0	516	865
13	0	0	0	0	493	859
14	0	0	0	0	470	851
15	0	0	0	0	449	839
0	0	0	0	0	431	824
1	0	0	0	0	416	807
2	0	0	0	0	404	789
3	0	0	0	0	395	770
4	0	0	0	0	390	751
5	0	0	0	0	390	732
6	0	0	0	0	392	711
7	0	0	0	0	396	691
8	0	0	0	0	403	670
9	0	0	0	0	411	649
10	0	0	0	0	422	627
11	0	0	0	0	435	605
12	0	0	0	0	453	583
13	0	0	0	0	481	564
14	0	0	0	0	519	546
15	0	0	0	0	568	528
0	0	0	0	0	623	511
1	0	0	0	0	680	496
2	0	0	0	0	732	480
3	0	0	0	0	777	463
4	0	0	0	0	811	447
5	0	0	0	0	827	431
6	0	0	0	0	827	416
7	0	0	0	0	809	401
8	0	0	0	0	779	390
9	0	0	0	0	735	378
10	0	0	0	0	683	371
11	0	0	0	0	624	361
12	0	0	0	0	565	353
13	0	0	0	0	508	346
14	0	0	0	0	453	338
15	0	0	0	0	405	329
0	0	0	0	0	365	321
1	0	0	0	0	335	314
2	0	0	0	0	315	307
3	0	0	0	0	307	301
4	0	0	0	0	313	294
5	0	0	0	0	331	288
6	0	0	0	0	357	283
7	0	0	0	0	389	277
8	0	0	0	0	428	270
9	0	0	0	0	467	264
10	0	0	0	0	504	258
11	0	0	0	0	536	252
12	0	0	0	0	563	246
13	0	0	0	0	581	241
14	0	0	0	0	592	236
15	0	0	0	0	595	231
0	0	0	0	0	592	228
1	0	0	0	0	581	223
2	0	0	0	0	565	217
3	0	0	0	0	547	216
4	0	0	0	0	526	211
5	0	0	0	0	503	210
6	0	0	0	0	480	208
7	0	0	0	0	460	204
8	0	0	0	0	441	201
9	0	0	0	0	425	198
10	0	0	0	0	413	195
11	0	0	0	0	405	194
12	0	0	0	0	401	193
13	0	0	0	0	398	196
14	0	0	0	0	399	200
15	0	0	0	0	400	207
0	0	0	0	0	406	214
1	0	0	0	0	412	224
2	0	0	0	0	422	235
3	0	0	0	0	438	249
4	0	0	0	0	463	264
5	0	0	0	0	500	281
6	0	0	0	0	546	299
7	0	0	0	0	601	316
8	0	0	0	0	660	337
9	0	0	0	0	716	357
10	0	0	0	0	765	378
11	0	0	0	0	801	400
12	0	0	0	0	822	421
13	0	0	0	0	825	444
14	0	0	0	0	811	464
15	0	0	0	0	782	486
0	0	0	0	0	739	507
1	0	0	0	0	686	528
2	0	0	0	0	627	548
3	0	0	0	0	565	568
4	0	0	0	0	504	587
5	0	0	0	0	445	605
6	0	0	0	0	393	622
7	0	0	0	0	348	639
8	0	0	0	0	315	655
9	0	0	0	0	292	670
10	0	0	0	0	282	685
11	0	0	0	0	283	698
12	0	0	0	0	297	712
13	0	0	0	0	319	725
14	0	0	0	0	351	736
15	0	0	0	0	390	748
0	0	0	0	0	432	758
1	0	0	0	0	472	768
2	0	0	0	0	509	776
3	0	0	0	0	541	785
4	0	0	0	0	563	792
5	0	0	0	0	578	800
6	0	0	0	0	586	808
7	0	0	0	0	586	815
8	0	0	0	0	578	822
9	0	0	0	0	566	828
10	0	0	0	0	551	834
11	0	0	0	0	531	839
12	0	0	0	0	510	845
13	0	0	0	0	487	851
14	0	0	0	0	467	855
15	0	0	0	0	448	858
0	0	0	0	0	430	861
1	0	0	0	0	415	863
2	0	0	0	0	404	865
3	0	0	0	0	396	867
4	0	0	0	0	390	868
5	0	0	0	0	387	870
6	0	0	0	0	388	869
7	0	0	0	0	391	867
8	0	0	0	0	393	864
9	0	0	0	0	399	859
10	0	0	0	0	407	852
11	0	0	0	0	418	843
12	0	0	0	0	437	831
13	0	0	0	0	467	817
14	0	0	0	0	511	798
15	0	0	0	0	563	776
0	0	0	0	0	620	752
1	0	0	0	0	679	728
2	0	0	0	0	732	705
3	0	0	0	0	777	684
4	0	0	0	0	807	662
5	0	0	0	0	820	642
6	0	0	0	0	817	623
7	0	0	0	0	801	605
8	0	0	0	0	770	588
9	0	0	0	0	728	573
10	0	0	0	0	679	557
11	0	0	0	0	627	542
12	0	0	0	0	573	526
13	0	0	0	0	521	510
14	0	0	0	0	474	494
15	0	0	0	0	432	479
0	0	0	0	0	399	464
1	0	0	0	0	376	449
2	0	0	0	0	361	437
3	0	0	0	0	356	426
4	0	0	0	0	360	416
5	0	0	0	0	376	407
6	0	0	0	0	396	398
7	0	0	0	0	422	389
8	0	0	0	0	449	380
9	0	0	0	0	476	371
10	0	0	0	0	505	363
11	0	0	0	0	530	354
12	0	0	0	0	551	347
13	0	0	0	0	565	339
14	0	0	0	0	575	332
15	0	0	0	0	578	324
0	0	0	0	0	575	314
1	0	0	0	0	568	306
2	0	0	0	0	555	297
3	0	0	0	0	539	290
4	0	0	0	0	522	282
5	0	0	0	0	503	273
6	0	0	0	0	484	267
7	0	0	0	0	464	258
8	0	0	0	0	447	250
9	0	0	0	0	432	242
10	0	0	0	0	420	235
11	0	0	0	0	410	229
12	0	0	0	0	405	224
13	0	0	0	0	402	219
14	0	0	0	0	401	215
15	0	0	0	0	403	211
0	0	0	0	0	409	208
1	0	0	0	0	419	206
2	0	0	0	0	433	204
3	0	0	0	0	461	203
4	0	0	0	0	502	201
5	0	0	0	0	553	202
6	0	0	0	0	615	202
7	0	0	0	0	682	202
8	0	0	0	0	747	201
9	0	0	0	0	803	200
10	0	0	0	0	845	202
11	0	0	0	0	873	207
12	0	0	0	0	879	211
13	0	0	0	0	866	215
14	0	0	0	0	838	221
15	0	0	0	0	793	230
0	0	0	0	0	739	237
1	0	0	0	0	678	247
2	0	0	0	0	612	259
3	0	0	0	0	549	271
4	0	0	0	0	487	285
5	0	0	0	0	432	300
6	0	0	0	0	387	317
7	0	0	0	0	351	335
8	0	0	0	0	328	353
9	0	0	0	0	315	371
10	0	0	0	0	315	390
11	0	0	0	0	327	408
12	0	0	0	0	348	427
13	0	0	0	0	376	446
14	0	0	0	0	411	464
15	0	0	0	0	446	481
0	0	0	0	0	480	499
1	0	0	0	0	509	516
2	0	0	0	0	534	533
3	0	0	0	0	553	550
4	0	0	0	0	565	565
5	0	0	0	0	569	580
6	0	0	0	0	567	593
7	0	0	0	0	559	606
8	0	0	0	0	547	619
9	0	0	0	0	530	631
10	0	0	0	0	511	643
11	0	0	0	0	491	655
12	0	0	0	0	470	666
13	0	0	0	0	452	675
14	0	0	0	0	434	685
15	0	0	0	0	418	693
0	0	0	0	0	408	701
1	0	0	0	0	400	711
2	0	0	0	0	395	720
3	0	0	0	0	393	730
4	0	0	0	0	392	740
5	0	0	0	0	394	751
6	0	0	0	0	398	762
7	0	0	0	0	404	772
8	0	0	0	0	412	783
9	0	0	0	0	423	793
10	0	0	0	0	443	802
11	0	0	0	0	472	812
12	0	0	0	0	515	820
13	0	0	0	0	566	828
14	0	0	0	0	624	836
15	0	0	0	0	686	843
0	0	0	0	0	742	849
1	0	0	0	0	789	855
2	0	0	0	0	822	860
3	0	0	0	0	838	864
4	0	0	0	0	838	866
5	0	0	0	0	820	867
6	0	0	0	0	787	867
7	0	0	0	0	742	865
8	0	0	0	0	688	861
9	0	0	0	0	627	856
10	0	0	0	0	566	849
11	0	0	0	0	504	840
12	0	0	0	0	446	829
13	0	0	0	0	395	814
14	0	0	0	0	351	798
15	0	0	0	0	319	781
0	0	0	0	0	300	763
1	0	0	0	0	295	744
2	0	0	0	0	302	726
3	0	0	0	0	323	707
4	0	0	0	0	353	689
5	0	0	0	0	393	672
6	0	0	0	0	437	655
7	0	0	0	0	483	637
8	0	0	0	0	529	619
9	0	0	0	0	569	600
10	0	0	0	0	602	582
11	0	0	0	0	626	563
12	0	0	0	0	641	546
13	0	0	0	0	645	528
14	0	0	0	0	640	511
15	0	0	0	0	629	495
0	0	0	0	0	611	480
1	0	0	0	0	587	466
2	0	0	0	0	560	451
3	0	0	0	0	532	436
4	0	0	0	0	505	420
5	0	0	0	0	479	405
6	0	0	0	0	455	390
7	0	0	0	0	435	376
8	0	0	0	0	418	364
9	0	0	0	0	405	354
10	0	0	0	0	395	346
11	0	0	0	0	390	338
12	0	0	0	0	389	332
13	0	0	0	0	391	326
14	0	0	0	0	398	321
15	0	0	0	0	409	316
0	0	0	0	0	429	311
1	0	0	0	0	459	307
2	0	0	0	0	505	303
3	0	0	0	0	565	299
4	0	0	0	0	634	295
5	0	0	0	0	706	292
6	0	0	0	0	778	288
7	0	0	0	0	840	288
8	0	0	0	0	885	283
9	0	0	0	0	913	282
10	0	0	0	0	919	282
11	0	0	0	0	904	280
12	0	0	0	0	870	277
13	0	0	0	0	820	275
14	0	0	0	0	759	277
15	0	0	0	0	692	276
0	0	0	0	0	621	275
1	0	0	0	0	551	274
2	0	0	0	0	485	272
3	0	0	0	0	427	272
4	0	0	0	0	377	271
5	0	0	0	0	337	270
6	0	0	0	0	312	270
7	0	0	0	0	302	269
8	0	0	0	0	306	269
9	0	0	0	0	323	268
10	0	0	0	0	350	268
11	0	0	0	0	385	267
12	0	0	0	0	426	267
13	0	0	0	0	468	267
14	0	0	0	0	507	267
15	0	0	0	0	543	267
0	0	0	0	0	572	269
1	0	0	0	0	594	272
2	0	0	0	0	605	276
3	0	0	0	0	608	280
4	0	0	0	0	604	285
5	0	0	0	0	592	292
6	0	0	0	0	575	301
7	0	0	0	0	552	311
8	0	0	0	0	528	324
9	0	0	0	0	501	338
10	0	0	0	0	474	352
11	0	0	0	0	450	366
12	0	0	0	0	430	382
13	0	0	0	0	415	396
14	0	0	0	0	402	413
15	0	0	0	0	391	430
0	0	0	0	0	386	447
1	0	0	0	0	383	465
2	0	0	0	0	382	484
3	0	0	0	0	383	504
4	0	0	0	0	386	523
5	0	0	0	0	392	541
6	0	0	0	0	407	560
7	0	0	0	0	430	579
8	0	0	0	0	469	596
9	0	0	0	0	521	613
10	0	0	0	0	584	629
11	0	0	0	0	656	644
12	0	0	0	0	729	659
13	0	0	0	0	797	674
14	0	0	0	0	851	688
15	0	0	0	0	889	702
0	0	0	0	0	908	715
1	0	0	0	0	904	728
2	0	0	0	0	880	741
3	0	0	0	0	839	752
4	0	0	0	0	786	764
5	0	0	0	0	721	775
6	0	0	0	0	651	785
7	0	0	0	0	579	795
8	0	0	0	0	510	804
9	0	0	0	0	445	812
10	0	0	0	0	387	820
11	0	0	0	0	337	827
12	0	0	0	0	303	834
13	0	0	0	0	282	841
14	0	0	0	0	274	848
15	0	0	0	0	282	854
0	0	0	0	0	302	860
1	0	0	0	0	331	865
2	0	0	0	0	367	870
3	0	0	0	0	410	875
4	0	0	0	0	454	879
5	0	0	0	0	493	883
6	0	0	0	0	528	886
7	0	0	0	0	557	889
8	0	0	0	0	578	892
9	0	0	0	0	590	894
10	0	0	0	0	592	894
11	0	0	0	0	589	893
12	0	0	0	0	578	891
13	0	0	0	0	562	887
14	0	0	0	0	542	883
15	0	0	0	0	518	876
0	0	0	0	0	492	867
1	0	0	0	0	467	856
2	0	0	0	0	443	843
3	0	0	0	0	422	826
4	0	0	0	0	403	808
5	0	0	0	0	388	787
6	0	0	0	0	376	767
7	0	0	0	0	370	748
8	0	0	0	0	367	729
9	0	0	0	0	368	711
10	0	0	0	0	371	694
11	0	0	0	0	379	678
12	0	0	0	0	389	661
13	0	0	0	0	408	644
14	0	0	0	0	439	628
15	0	0	0	0	482	611
0	0	0	0	0	542	595
1	0	0	0	0	612	580
2	0	0	0	0	691	568
3	0	0	0	0	771	556
4	0	0	0	0	844	545
5	0	0	0	0	902	534
6	0	0	0	0	936	521
7	0	0	0	0	937	511
8	0	0	0	0	937	499
9	0	0	0	0	936	488
10	0	0	0	0	892	479
11	0	0	0	0	836	470
12	0	0	0	0	768	459
13	0	0	0	0	695	450
14	0	0	0	0	617	441
15	0	0	0	0	540	431
0	0	0	0	0	468	422
1	0	0	0	0	404	413
2	0	0	0	0	350	405
3	0	0	0	0	309	398
4	0	0	0	0	283	391
5	0	0	0	0	275	384
6	0	0	0	0	281	377
7	0	0	0	0	302	370
8	0	0	0	0	336	364
9	0	0	0	0	376	357
10	0	0	0	0	422	350
11	0	0	0	0	469	344
12	0	0	0	0	512	339
13	0	0	0	0	549	334
14	0	0	0	0	578	328
15	0	0	0	0	597	324
0	0	0	0	0	607	319
1	0	0	0	0	607	314
2	0	0	0	0	596	309
3	0	0	0	0	580	304
4	0	0	0	0	561	299
5	0	0	0	0	537	295
6	0	0	0	0	510	292
7	0	0	0	0	482	289
8	0	0	0	0	456	285
9	0	0	0	0	431	281
10	0	0	0	0	409	277
11	0	0	0	0	392	273
12	0	0	0	0	379	269
13	0	0	0	0	371	267
14	0	0	0	0	367	267
15	0	0	0	0	367	266
0	0	0	0	0	370	266
1	0	0	0	0	376	267
2	0	0	0	0	384	268
3	0	0	0	0	400	270
4	0	0	0	0	423	271
5	0	0	0	0	458	274
6	0	0	0	0	511	278
7	0	0	0	0	582	282
8	0	0	0	0	664	289
9	0	0	0	0	753	297
10	0	0	0	0	841	305
11	0	0	0	0	918	317
12	0	0	0	0	937	331
13	0	0	0	0	937	346
14	0	0	0	0	937	361
15	0	0	0	0	937	379
0	0	0	0	0	937	397
1	0	0	0	0	937	417
2	0	0	0	0	876	437
3	0	0	0	0	799	456
4	0	0	0	0	716	475
5	0	0	0	0	629	494
6	0	0	0	0	542	511
7	0	0	0	0	462	530
8	0	0	0	0	390	548
9	0	0	0	0	331	565
10	0	0	0	0	286	582
11	0	0	0	0	255	597
12	0	0	0	0	242	612
13	0	0	0	0	243	627
14	0	0	0	0	260	641
15	0	0	0	0	290	655
0	0	0	0	0	329	669
1	0	0	0	0	371	683
2	0	0	0	0	415	696
3	0	0	0	0	458	708
4	0	0	0	0	496	720
5	0	0	0	0	527	732
6	0	0	0	0	548	743
7	0	0	0	0	563	755
8	0	0	0	0	569	767
9	0	0	0	0	566	777
10	0	0	0	0	555	788
11	0	0	0	0	539	799
12	0	0	0	0	518	810
13	0	0	0	0	493	819
14	0	0	0	0	467	828
15	0	0	0	0	441	835
0	0	0	0	0	419	842
1	0	0	0	0	397	846
2	0	0	0	0	380	849
3	0	0	0	0	364	852
4	0	0	0	0	354	854
5	0	0	0	0	348	855
6	0	0	0	0	344	854
7	0	0	0	0	343	851
8	0	0	0	0	344	847
9	0	0	0	0	349	842
10	0	0	0	0	355	835
11	0	0	0	0	366	826
12	0	0	0	0	385	816
13	0	0	0	0	418	802
14	0	0	0	0	467	786
15	0	0	0	0	533	768
0	0	0	0	0	612	748
1	0	0	0	0	700	728
2	0	0	0	0	789	710
3	0	0	0	0	870	691
4	0	0	0	0	933	675
5	0	0	0	0	937	657
6	0	0	0	0	937	639
7	0	0	0	0	937	622
8	0	0	0	0	937	607
9	0	0	0	0	937	592
10	0	0	0	0	888	580
11	0	0	0	0	819	568
12	0	0	0	0	743	556
13	0	0	0	0	663	544
14	0	0	0	0	582	532
15	0	0	0	0	505	520
0	0	0	0	0	436	508
1	0	0	0	0	377	495
2	0	0	0	0	330	481
3	0	0	0	0	297	469
4	0	0	0	0	281	457
5	0	0	0	0	280	446
6	0	0	0	0	292	435
7	0	0	0	0	316	425
8	0	0	0	0	349	415
9	0	0	0	0	388	405
10	0	0	0	0	430	395
11	0	0	0	0	471	384
12	0	0	0	0	509	375
13	0	0	0	0	541	367
14	0	0	0	0	564	358
15	0	0	0	0	579	350
0	0	0	0	0	587	342
1	0	0	0	0	585	334
2	0	0	0	0	576	326
3	0	0	0	0	561	318
4	0	0	0	0	542	312
5	0	0	0	0	517	306
6	0	0	0	0	491	300
7	0	0	0	0	464	294
8	0	0	0	0	438	287
9	0	0	0	0	413	279
10	0	0	0	0	393	272
11	0	0	0	0	374	266
12	0	0	0	0	362	260
13	0	0	0	0	352	257
14	0	0	0	0	345	254
15	0	0	0	0	344	253
0	0	0	0	0	346	253
1	0	0	0	0	352	254
2	0	0	0	0	362	255
3	0	0	0	0	384	258
4	0	0	0	0	419	263
5	0	0	0	0	472	268
6	0	0	0	0	544	274
7	0	0	0	0	630	280
8	0	0	0	0	725	288
9	0	0	0	0	818	295
10	0	0	0	0	901	303
11	0	0	0	0	937	312
12	0	0	0	0	937	323
13	0	0	0	0	937	331
14	0	0	0	0	937	344
15	0	0	0	0	937	355
0	0	0	0	0	937	367
1	0	0	0	0	889	381
2	0	0	0	0	810	395
3	0	0	0	0	724	410
4	0	0	0	0	633	425
5	0	0	0	0	542	440
6	0	0	0	0	456	456
7	0	0	0	0	381	473
8	0	0	0	0	319	490
9	0	0	0	0	269	507
10	0	0	0	0	235	525
11	0	0	0	0	221	543
12	0	0	0	0	223	560
13	0	0	0	0	238	578
14	0	0	0	0	265	595
15	0	0	0	0	303	612
0	0	0	0	0	346	627
1	0	0	0	0	391	643
2	0	0	0	0	432	658
3	0	0	0	0	468	671
4	0	0	0	0	499	685
5	0	0	0	0	520	698
6	0	0	0	0	533	711
7	0	0	0	0	535	723
8	0	0	0	0	531	734
9	0	0	0	0	520	744
10	0	0	0	0	504	754
11	0	0	0	0	482	764
12	0	0	0	0	460	773
13	0	0	0	0	436	782
14	0	0	0	0	413	789
15	0	0	0	0	393	796
0	0	0	0	0	376	802
1	0	0	0	0	361	807
2	0	0	0	0	350	813
3	0	0	0	0	342	819
4	0	0	0	0	336	825
5	0	0	0	0	334	831
6	0	0	0	0	334	837
7	0	0	0	0	335	843
8	0	0	0	0	340	847
9	0	0	0	0	347	852
10	0	0	0	0	353	856
11	0	0	0	0	365	860
12	0	0	0	0	386	863
13	0	0	0	0	418	865
14	0	0	0	0	468	866
15	0	0	0	0	533	866
0	0	0	0	0	610	865
1	0	0	0	0	692	863
2	0	0	0	0	771	859
3	0	0	0	0	841	855
4	0	0	0	0	893	848
5	0	0	0	0	923	841
6	0	0	0	0	930	832
7	0	0	0	0	914	820
8	0	0	0	0	879	807
9	0	0	0	0	827	793
10	0	0	0	0	761	775
11	0	0	0	0	686	757
12	0	0	0	0	607	739
13	0	0	0	0	527	721
14	0	0	0	0	450	704
15	0	0	0	0	382	688
0	0	0	0	0	323	671
1	0	0	0	0	275	654
2	0	0	0	0	242	636
3	0	0	0	0	224	617
4	0	0	0	0	224	599
5	0	0	0	0	240	582
6	0	0	0	0	271	567
7	0	0	0	0	314	552
8	0	0	0	0	365	539
9	0	0	0	0	419	524
10	0	0	0	0	473	511
11	0	0	0	0	523	497
12	0	0	0	0	565	484
13	0	0	0	0	595	472
14	0	0	0	0	615	462
15	0	0	0	0	623	451
0	0	0	0	0	620	440
1	0	0	0	0	608	430
2	0	0	0	0	587	421
3	0	0	0	0	558	412
4	0	0	0	0	526	404
5	0	0	0	0	492	396
6	0	0	0	0	458	387
7	0	0	0	0	427	378
8	0	0	0	0	400	368
9	0	0	0	0	374	359
10	0	0	0	0	354	351
11	0	0	0	0	337	344
12	0	0	0	0	327	337
13	0	0	0	0	320	332
14	0	0	0	0	319	326
15	0	0	0	0	322	321
0	0	0	0	0	329	316
1	0	0	0	0	341	313
2	0	0	0	0	359	310
3	0	0	0	0	391	308
4	0	0	0	0	440	306
5	0	0	0	0	505	304
6	0	0	0	0	584	303
7	0	0	0	0	672	300
8	0	0	0	0	763	299
9	0	0	0	0	848	297
10	0	0	0	0	918	293
11	0	0	0	0	937	294
12	0	0	0	0	937	292
13	0	0	0	0	937	290
14	0	0	0	0	937	287
15	0	0	0	0	933	290
0	0	0	0	0	868	289
1	0	0	0	0	794	290
2	0	0	0	0	709	292
3	0	0	0	0	621	290
4	0	0	0	0	534	291
5	0	0	0	0	449	291
6	0	0	0	0	372	290
7	0	0	0	0	308	290
8	0	0	0	0	258	290
9	0	0	0	0	224	291
10	0	0	0	0	208	292
11	0	0	0	0	208	293
12	0	0	0	0	224	295
13	0	0	0	0	252	297
14	0	0	0	0	292	300
15	0	0	0	0	340	305
0	0	0	0	0	390	311
1	0	0	0	0	438	318
2	0	0	0	0	482	327
3	0	0	0	0	520	337
4	0	0	0	0	547	350
5	0	0	0	0	565	363
6	0	0	0	0	573	378
7	0	0	0	0	571	393
8	0	0	0	0	561	409
9	0	0	0	0	543	426
10	0	0	0	0	521	444
11	0	0	0	0	495	463
12	0	0	0	0	467	481
13	0	0	0	0	440	499
14	0	0	0	0	413	517
15	0	0	0	0	386	534
0	0	0	0	0	365	550
1	0	0	0	0	344	565
2	0	0	0	0	328	581
3	0	0	0	0	316	597
4	0	0	0	0	309	612
5	0	0	0	0	304	627
6	0	0	0	0	304	641
7	0	0	0	0	307	656
8	0	0	0	0	313	669
9	0	0	0	0	323	682
10	0	0	0	0	341	694
11	0	0	0	0	373	705
12	0	0	0	0	425	716
13	0	0	0	0	495	727
14	0	0	0	0	575	737
15	0	0	0	0	663	747
0	0	0	0	0	747	756
1	0	0	0	0	822	765
2	0	0	0	0	880	774
3	0	0	0	0	916	782
4	0	0	0	0	926	791
5	0	0	0	0	912	798
6	0	0	0	0	879	807
7	0	0	0	0	827	814
8	0	0	0	0	762	821
9	0	0	0	0	686	827
10	0	0	0	0	604	832
11	0	0	0	0	523	837
12	0	0	0	0	444	841
13	0	0	0	0	371	845
14	0	0	0	0	308	848
15	0	0	0	0	256	851
0	0	0	0	0	219	853
1	0	0	0	0	196	854
2	0	0	0	0	188	854
3	0	0	0	0	194	853
4	0	0	0	0	213	850
5	0	0	0	0	244	847
6	0	0	0	0	285	842
7	0	0	0	0	332	836
8	0	0	0	0	382	830
9	0	0	0	0	430	823
10	0	0	0	0	475	815
11	0	0	0	0	513	805
12	0	0	0	0	543	794
13	0	0	0	0	562	780
14	0	0	0	0	572	764
15	0	0	0	0	573	747
0	0	0	0	0	567	730
1	0	0	0	0	552	713
2	0	0	0	0	533	697
3	0	0	0	0	511	679
4	0	0	0	0	485	661
5	0	0	0	0	460	642
6	0	0	0	0	436	623
7	0	0	0	0	415	604
8	0	0	0	0	394	587
9	0	0	0	0	379	570
10	0	0	0	0	367	555
11	0	0	0	0	358	540
12	0	0	0	0	353	526
13	0	0	0	0	353	514
14	0	0	0	0	355	502
15	0	0	0	0	361	491
0	0	0	0	0	370	480
1	0	0	0	0	387	469
2	0	0	0	0	418	460
3	0	0	0	0	464	452
4	0	0	0	0	524	445
5	0	0	0	0	593	440
6	0	0	0	0	668	435
7	0	0	0	0	740	430
8	0	0	0	0	804	425
9	0	0	0	0	852	422
10	0	0	0	0	881	417
11	0	0	0	0	888	412
12	0	0	0	0	873	409
13	0	0	0	0	838	406
14	0	0	0	0	786	402
15	0	0	0	0	723	400
0	0	0	0	0	649	396
1	0	0	0	0	572	392
2	0	0	0	0	497	390
3	0	0	0	0	424	386
4	0	0	0	0	359	384
5	0	0	0	0	303	381
6	0	0	0	0	259	378
7	0	0	0	0	229	375
8	0	0	0	0	212	373
9	0	0	0	0	210	370
10	0	0	0	0	223	366
11	0	0	0	0	250	364
12	0	0	0	0	286	361
13	0	0	0	0	327	358
14	0	0	0	0	374	355
15	0	0	0	0	420	353
0	0	0	0	0	463	350
1	0	0	0	0	501	348
2	0	0	0	0	531	345
3	0	0	0	0	553	343
4	0	0	0	0	566	339
5	0	0	0	0	568	335
6	0	0	0	0	562	332
7	0	0	0	0	551	328
8	0	0	0	0	533	326
9	0	0	0	0	511	324
10	0	0	0	0	487	323
11	0	0	0	0	461	321
12	0	0	0	0	438	319
13	0	0	0	0	415	316
14	0	0	0	0	395	313
15	0	0	0	0	375	312
0	0	0	0	0	359	311
1	0	0	0	0	348	313
2	0	0	0	0	342	316
3	0	0	0	0	340	320
4	0	0	0	0	341	325
5	0	0	0	0	344	331
6	0	0	0	0	353	338
7	0	0	0	0	368	347
8	0	0	0	0	395	357
9	0	0	0	0	438	369
10	0	0	0	0	500	382
11	0	0	0	0	578	396
12	0	0	0	0	664	412
13	0	0	0	0	751	428
14	0	0	0	0	831	446
15	0	0	0	0	892	463
0	0	0	0	0	930	480
1	0	0	0	0	937	499
2	0	0	0	0	936	517
3	0	0	0	0	903	536
4	0	0	0	0	851	555
5	0	0	0	0	783	571
6	0	0	0	0	707	587
7	0	0	0	0	622	603
8	0	0	0	0	537	618
9	0	0	0	0	454	632
10	0	0	0	0	377	645
11	0	0	0	0	311	657
12	0	0	0	0	256	668
13	0	0	0	0	215	679
14	0	0	0	0	189	690
15	0	0	0	0	179	699
0	0	0	0	0	184	708
1	0	0	0	0	201	717
2	0	0	0	0	231	725
3	0	0	0	0	272	732
4	0	0	0	0	319	739
5	0	0	0	0	370	745
6	0	0	0	0	420	751
7	0	0	0	0	469	756
8	0	0	0	0	509	762
9	0	0	0	0	541	767
10	0	0	0	0	564	772
11	0	0	0	0	577	776
12	0	0	0	0	581	780
13	0	0	0	0	575	783
14	0	0	0	0	561	786
15	0	0	0	0	543	790
0	0	0	0	0	521	792
1	0	0	0	0	495	793
2	0	0	0	0	468	793
3	0	0	0	0	442	792
4	0	0	0	0	417	789
5	0	0	0	0	394	787
6	0	0	0	0	375	786
7	0	0	0	0	361	784
8	0	0	0	0	351	781
9	0	0	0	0	344	778
10	0	0	0	0	342	775
11	0	0	0	0	343	771
12	0	0	0	0	346	768
13	0	0	0	0	352	764
14	0	0	0	0	362	759
15	0	0	0	0	383	753
0	0	0	0	0	414	747
1	0	0	0	0	460	739
2	0	0	0	0	523	731
3	0	0	0	0	596	721
4	0	0	0	0	674	710
5	0	0	0	0	748	699
6	0	0	0	0	814	686
7	0	0	0	0	861	672
8	0	0	0	0	889	658
9	0	0	0	0	895	644
10	0	0	0	0	879	630
11	0	0	0	0	844	616
12	0	0	0	0	793	605
13	0	0	0	0	730	593
14	0	0	0	0	659	580
15	0	0	0	0	585	568
0	0	0	0	0	512	555
1	0	0	0	0	440	543
2	0	0	0	0	377	533
3	0	0	0	0	323	523
4	0	0	0	0	283	513
5	0	0	0	0	254	503
6	0	0	0	0	239	495
7	0	0	0	0	239	485
8	0	0	0	0	253	477
9	0	0	0	0	278	468
10	0	0	0	0	315	460
11	0	0	0	0	359	451
12	0	0	0	0	407	444
13	0	0	0	0	453	437
14	0	0	0	0	496	431
15	0	0	0	0	533	425
0	0	0	0	0	561	420
1	0	0	0	0	579	415
2	0	0	0	0	589	408
3	0	0	0	0	589	401
4	0	0	0	0	580	394
5	0	0	0	0	566	386
6	0	0	0	0	545	380
7	0	0	0	0	521	373
8	0	0	0	0	495	367
9	0	0	0	0	470	361
10	0	0	0	0	444	353
11	0	0	0	0	421	345
12	0	0	0	0	402	338
13	0	0	0	0	385	331
14	0	0	0	0	372	325
15	0	0	0	0	364	319
0	0	0	0	0	359	315
1	0	0	0	0	356	311
2	0	0	0	0	357	307
3	0	0	0	0	359	304
4	0	0	0	0	368	301
5	0	0	0	0	382	298
6	0	0	0	0	407	295
7	0	0	0	0	448	293
8	0	0	0	0	509	292
9	0	0	0	0	581	289
10	0	0	0	0	663	287
11	0	0	0	0	746	287
12	0	0	0	0	823	287
13	0	0	0	0	888	287
14	0	0	0	0	929	286
15	0	0	0	0	937	286
0	0	0	0	0	937	287
1	0	0	0	0	919	287
2	0	0	0	0	873	291
3	0	0	0	0	810	295
4	0	0	0	0	736	300
5	0	0	0	0	655	305
6	0	0	0	0	572	310
7	0	0	0	0	491	315
8	0	0	0	0	418	321
9	0	0	0	0	354	330
10	0	0	0	0	298	339
11	0	0	0	0	256	351
12	0	0	0	0	230	363
13	0	0	0	0	222	376
14	0	0	0	0	227	391
15	0	0	0	0	245	407
0	0	0	0	0	276	424
1	0	0	0	0	317	442
2	0	0	0	0	364	460
3	0	0	0	0	410	479
4	0	0	0	0	457	497
5	0	0	0	0	497	516
6	0	0	0	0	529	536
7	0	0	0	0	551	553
8	0	0	0	0	564	572
9	0	0	0	0	568	588
10	0	0	0	0	562	604
11	0	0	0	0	550	619
12	0	0	0	0	531	634
13	0	0	0	0	509	649
14	0	0	0	0	483	662
15	0	0	0	0	457	674
0	0	0	0	0	433	685
1	0	0	0	0	409	695
2	0	0	0	0	388	704
3	0	0	0	0	370	713
4	0	0	0	0	356	722
5	0	0	0	0	348	730
6	0	0	0	0	342	738
7	0	0	0	0	340	746
8	0	0	0	0	342	753
9	0	0	0	0	347	760
10	0	0	0	0	354	766
11	0	0	0	0	363	772
12	0	0	0	0	376	777
13	0	0	0	0	395	783
14	0	0	0	0	427	787
15	0	0	0	0	475	791
0	0	0	0	0	540	795
1	0	0	0	0	612	798
2	0	0	0	0	687	800
3	0	0	0	0	757	801
4	0	0	0	0	817	802
5	0	0	0	0	861	801
6	0	0	0	0	883	799
7	0	0	0	0	884	798
8	0	0	0	0	864	796
9	0	0	0	0	825	793
10	0	0	0	0	772	790
11	0	0	0	0	707	786
12	0	0	0	0	637	781
13	0	0	0	0	564	775
14	0	0	0	0	492	770
15	0	0	0	0	424	763
0	0	0	0	0	364	755
1	0	0	0	0	315	747
2	0	0	0	0	277	737
3	0	0	0	0	252	726
4	0	0	0	0	241	714
5	0	0	0	0	243	702
6	0	0	0	0	258	689
7	0	0	0	0	286	674
8	0	0	0	0	324	660
9	0	0	0	0	369	646
10	0	0	0	0	418	631
11	0	0	0	0	466	616
12	0	0	0	0	512	601
13	0	0	0	0	550	585
14	0	0	0	0	578	570
15	0	0	0	0	598	554
0	0	0	0	0	607	539
1	0	0	0	0	608	524
2	0	0	0	0	600	508
3	0	0	0	0	586	494
4	0	0	0	0	567	478
5	0	0	0	0	542	463
6	0	0	0	0	516	447
7	0	0	0	0	490	431
8	0	0	0	0	464	418
9	0	0	0	0	440	406
10	0	0	0	0	418	396
11	0	0	0	0	399	387
12	0	0	0	0	384	380
13	0	0	0	0	373	373
14	0	0	0	0	368	367
15	0	0	0	0	365	360
0	0	0	0	0	367	354
1	0	0	0	0	374	347
2	0	0	0	0	389	342
3	0	0	0	0	419	337
4	0	0	0	0	464	333
5	0	0	0	0	523	329
6	0	0	0	0	595	326
7	0	0	0	0	671	323
8	0	0	0	0	744	321
9	0	0	0	0	807	317
10	0	0	0	0	852	315
11	0	0	0	0	878	312
12	0	0	0	0	884	310
13	0	0	0	0	868	307
14	0	0	0	0	834	304
15	0	0	0	0	785	301
0	0	0	0	0	724	298
1	0	0	0	0	654	295
2	0	0	0	0	580	294
3	0	0	0	0	508	291
4	0	0	0	0	439	288
5	0	0	0	0	376	286
6	0	0	0	0	323	283
7	0	0	0	0	282	281
8	0	0	0	0	254	278
9	0	0	0	0	238	275
10	0	0	0	0	238	272
11	0	0	0	0	252	269
12	0	0	0	0	278	267
13	0	0	0	0	316	264
14	0	0	0	0	359	262
15	0	0	0	0	405	259
0	0	0	0	0	453	257
1	0	0	0	0	496	255
2	0	0	0	0	532	254
3	0	0	0	0	560	251
4	0	0	0	0	579	249
5	0	0	0	0	590	245
6	0	0	0	0	590	243
7	0	0	0	0	584	241
8	0	0	0	0	570	240
9	0	0	0	0	551	241
10	0	0	0	0	528	241
11	0	0	0	0	504	244
12	0	0	0	0	478	246
13	0	0	0	0	453	248
14	0	0	0	0	428	251
15	0	0	0	0	408	258
0	0	0	0	0	391	267
1	0	0	0	0	377	279
2	0	0	0	0	369	292
3	0	0	0	0	364	307
4	0	0	0	0	363	323
5	0	0	0	0	365	340
6	0	0	0	0	371	358
7	0	0	0	0	386	377
8	0	0	0	0	413	396
9	0	0	0	0	453	416
10	0	0	0	0	509	436
11	0	0	0	0	576	456
12	0	0	0	0	648	477
13	0	0	0	0	718	498
14	0	0	0	0	780	519
15	0	0	0	0	828	540
0	0	0	0	0	857	560
1	0	0	0	0	865	579
2	0	0	0	0	852	598
3	0	0	0	0	822	615
4	0	0	0	0	777	632
5	0	0	0	0	718	647
6	0	0	0	0	651	662
7	0	0	0	0	579	676
8	0	0	0	0	506	688
9	0	0	0	0	438	699
10	0	0	0	0	375	710
11	0	0	0	0	321	719
12	0	0	0	0	279	728
13	0	0	0	0	249	736
14	0	0	0	0	231	744
15	0	0	0	0	229	751
0	0	0	0	0	237	758
1	0	0	0	0	259	763
2	0	0	0	0	291	769
3	0	0	0	0	333	774
4	0	0	0	0	379	778
5	0	0	0	0	428	783
6	0	0	0	0	475	787
7	0	0	0	0	518	791
8	0	0	0	0	553	795
9	0	0	0	0	579	798
10	0	0	0	0	595	802
11	0	0	0	0	601	804
12	0	0	0	0	598	807
13	0	0	0	0	587	809
14	0	0	0	0	570	811
15	0	0	0	0	549	812
0	0	0	0	0	523	811
1	0	0	0	0	496	809
2	0	0	0	0	468	804
3	0	0	0	0	442	799
4	0	0	0	0	418	793
5	0	0	0	0	398	786
6	0	0	0	0	380	777
7	0	0	0	0	368	767
8	0	0	0	0	359	754
9	0	0	0	0	354	738
10	0	0	0	0	353	720
11	0	0	0	0	356	702
12	0	0	0	0	364	684
13	0	0	0	0	377	667
14	0	0	0	0	397	652
15	0	0	0	0	432	637
0	0	0	0	0	484	623
1	0	0	0	0	549	608
2	0	0	0	0	624	594
3	0	0	0	0	701	579
4	0	0	0	0	773	564
5	0	0	0	0	832	550
6	0	0	0	0	875	535
7	0	0	0	0	897	523
8	0	0	0	0	896	508
9	0	0	0	0	873	495
10	0	0	0	0	835	483
11	0	0	0	0	782	470
12	0	0	0	0	719	457
13	0	0	0	0	648	445
14	0	0	0	0	573	434
15	0	0	0	0	502	423
0	0	0	0	0	433	412
1	0	0	0	0	374	403
2	0	0	0	0	323	393
3	0	0	0	0	286	384
4	0	0	0	0	262	375
5	0	0	0	0	253	366
6	0	0	0	0	258	357
7	0	0	0	0	279	349
8	0	0	0	0	310	340
9	0	0	0	0	352	332
10	0	0	0	0	399	325
11	0	0	0	0	446	318
12	0	0	0	0	490	311
13	0	0	0	0	531	304
14	0	0	0	0	565	296
15	0	0	0	0	589	290
0	0	0	0	0	602	283
1	0	0	0	0	606	275
2	0	0	0	0	600	269
3	0	0	0	0	587	262
4	0	0	0	0	570	256
5	0	0	0	0	547	252
6	0	0	0	0	520	248
7	0	0	0	0	494	242
8	0	0	0	0	468	237
9	0	0	0	0	443	231
10	0	0	0	0	421	225
11	0	0	0	0	403	220
12	0	0	0	0	388	216
13	0	0	0	0	376	214
14	0	0	0	0	368	212
15	0	0	0	0	366	211
0	0	0	0	0	367	211
1	0	0	0	0	370	210
2	0	0	0	0	380	210
3	0	0	0	0	402	211
4	0	0	0	0	439	211
5	0	0	0	0	493	212
6	0	0	0	0	562	215
7	0	0	0	0	642	217
8	0	0	0	0	726	218
9	0	0	0	0	805	220
10	0	0	0	0	871	225
11	0	0	0	0	920	226
12	0	0	0	0	937	233
13	0	0	0	0	937	241
14	0	0	0	0	922	247
15	0	0	0	0	882	256
0	0	0	0	0	826	268
1	0	0	0	0	755	280
2	0	0	0	0	678	292
3	0	0	0	0	600	307
4	0	0	0	0	522	323
5	0	0	0	0	448	340
6	0	0	0	0	384	358
7	0	0	0	0	330	376
8	0	0	0	0	289	396
9	0	0	0	0	260	416
10	0	0	0	0	248	437
11	0	0	0	0	251	460
12	0	0	0	0	267	482
13	0	0	0	0	293	505
14	0	0	0	0	329	528
15	0	0	0	0	369	551
0	0	0	0	0	411	572
1	0	0	0	0	452	591
2	0	0	0	0	489	611
3	0	0	0	0	521	629
4	0	0	0	0	544	647
5	0	0	0	0	559	663
6	0	0	0	0	566	678
7	0	0	0	0	566	692
8	0	0	0	0	558	706
9	0	0	0	0	543	719
10	0	0	0	0	525	732
11	0	0	0	0	503	743
12	0	0	0	0	480	754
13	0	0	0	0	458	764
14	0	0	0	0	437	773
15	0	0	0	0	417	781
0	0	0	0	0	401	789
1	0	0	0	0	385	797
2	0	0	0	0	375	804
3	0	0	0	0	369	814
4	0	0	0	0	366	822
5	0	0	0	0	364	829
6	0	0	0	0	366	836
7	0	0	0	0	373	844
8	0	0	0	0	382	850
9	0	0	0	0	400	856
10	0	0	0	0	432	860
11	0	0	0	0	482	865
12	0	0	0	0	548	868
13	0	0	0	0	623	871
14	0	0	0	0	700	872
15	0	0	0	0	772	872
0	0	0	0	0	831	871
1	0	0	0	0	872	867
2	0	0	0	0	894	862
3	0	0	0	0	894	856
4	0	0	0	0	874	848
5	0	0	0	0	835	839
6	0	0	0	0	780	827
7	0	0	0	0	716	812
8	0	0	0	0	646	793
9	0	0	0	0	572	774
10	0	0	0	0	500	753
11	0	0	0	0	434	732
12	0	0	0	0	376	712
13	0	0	0	0	327	693
14	0	0	0	0	290	677
15	0	0	0	0	266	660
0	0	0	0	0	258	644
1	0	0	0	0	263	630
2	0	0	0	0	285	613
3	0	0	0	0	318	596
4	0	0	0	0	363	581
5	0	0	0	0	414	566
6	0	0	0	0	467	550
7	0	0	0	0	518	536
8	0	0	0	0	562	522
9	0	0	0	0	597	508
10	0	0	0	0	621	494
11	0	0	0	0	633	480
12	0	0	0	0	635	465
13	0	0	0	0	626	452
14	0	0	0	0	608	440
15	0	0	0	0	584	429
0	0	0	0	0	557	417
1	0	0	0	0	525	407
2	0	0	0	0	492	395
3	0	0	0	0	461	384
4	0	0	0	0	434	373
5	0	0	0	0	411	363
6	0	0	0	0	392	354
7	0	0	0	0	378	345
8	0	0	0	0	368	338
9	0	0	0	0	364	331
10	0	0	0	0	362	326
11	0	0	0	0	364	321
12	0	0	0	0	373	317
13	0	0	0	0	389	313
14	0	0	0	0	417	309
15	0	0	0	0	460	306
0	0	0	0	0	519	302
1	0	0	0	0	590	298
2	0	0	0	0	669	295
3	0	0	0	0	748	290
4	0	0	0	0	822	289
5	0	0	0	0	881	286
6	0	0	0	0	923	283
7	0	0	0	0	937	281
8	0	0	0	0	936	281
9	0	0	0	0	910	279
10	0	0	0	0	864	279
11	0	0	0	0	804	276
12	0	0	0	0	735	276
13	0	0	0	0	659	275
14	0	0	0	0	580	274
15	0	0	0	0	504	274
0	0	0	0	0	432	273
1	0	0	0	0	371	273
2	0	0	0	0	322	273
3	0	0	0	0	284	273
4	0	0	0	0	262	273
5	0	0	0	0	255	274
6	0	0	0	0	263	276
7	0	0	0	0	284	279
8	0	0	0	0	317	282
9	0	0	0	0	357	287
10	0	0	0	0	401	292
11	0	0	0	0	447	299
12	0	0	0	0	490	307
13	0	0	0	0	527	316
14	0	0	0	0	557	327
15	0	0	0	0	577	339
0	0	0	0	0	588	352
1	0	0	0	0	592	365
2	0	0	0	0	585	378
3	0	0	0	0	573	393
4	0	0	0	0	554	410
5	0	0	0	0	531	427
6	0	0	0	0	504	444
7	0	0	0	0	478	461
8	0	0	0	0	451	477
9	0	0	0	0	427	494
10	0	0	0	0	406	510
11	0	0	0	0	386	529
12	0	0	0	0	373	549
13	0	0	0	0	361	568
14	0	0	0	0	354	588
15	0	0	0	0	350	606
0	0	0	0	0	349	624
1	0	0	0	0	351	641
2	0	0	0	0	359	657
3	0	0	0	0	372	673
4	0	0	0	0	396	688
5	0	0	0	0	437	704
6	0	0	0	0	495	718
7	0	0	0	0	564	731
8	0	0	0	0	643	744
9	0	0	0	0	721	756
10	0	0	0	0	792	768
11	0	0	0	0	847	779
12	0	0	0	0	884	790
13	0	0	0	0	899	799
14	0	0	0	0	893	809
15	0	0	0	0	865	817
0	0	0	0	0	819	825
1	0	0	0	0	759	833
2	0	0	0	0	688	839
3	0	0	0	0	612	845
4	0	0	0	0	536	850
5	0	0	0	0	463	854
6	0	0	0	0	395	856
7	0	0	0	0	336	859
8	0	0	0	0	290	860
9	0	0	0	0	256	862
10	0	0	0	0	236	861
11	0	0	0	0	231	860
12	0	0	0	0	241	857
13	0	0	0	0	263	853
14	0	0	0	0	297	849
15	0	0	0	0	340	844
0	0	0	0	0	387	838
1	0	0	0	0	436	832
2	0	0	0	0	481	825
3	0	0	0	0	523	817
4	0	0	0	0	557	807
5	0	0	0	0	581	796
6	0	0	0	0	595	781
7	0	0	0	0	600	766
8	0	0	0	0	597	750
9	0	0	0	0	586	734
10	0	0	0	0	567	718
11	0	0	0	0	546	701
12	0	0	0	0	521	684
13	0	0	0	0	494	664
14	0	0	0	0	468	644
15	0	0	0	0	443	625
0	0	0	0	0	422	605
1	0	0	0	0	404	586
2	0	0	0	0	390	568
3	0	0	0	0	381	551
4	0	0	0	0	376	534
5	0	0	0	0	374	519
6	0	0	0	0	375	504
7	0	0	0	0	379	491
8	0	0	0	0	388	478
9	0	0	0	0	404	466
10	0	0	0	0	432	455
11	0	0	0	0	476	444
12	0	0	0	0	535	435
13	0	0	0	0	605	428
14	0	0	0	0	681	421
15	0	0	0	0	756	415
0	0	0	0	0	822	409
1	0	0	0	0	872	403
2	0	0	0	0	903	397
3	0	0	0	0	910	392
4	0	0	0	0	897	387
5	0	0	0	0	863	382
6	0	0	0	0	813	380
7	0	0	0	0	752	376
8	0	0	0	0	683	375
9	0	0	0	0	608	372
10	0	0	0	0	536	369
11	0	0	0	0	467	366
12	0	0	0	0	403	363
13	0	0	0	0	346	360
14	0	0	0	0	304	356
15	0	0	0	0	273	352
0	0	0	0	0	257	348
1	0	0	0	0	256	344
2	0	0	0	0	268	340
3	0	0	0	0	293	337
4	0	0	0	0	326	334
5	0	0	0	0	366	330
6	0	0	0	0	410	326
7	0	0	0	0	453	322
8	0	0	0	0	493	317
9	0	0	0	0	525	313
10	0	0	0	0	552	309
11	0	0	0	0	570	305
12	0	0	0	0	579	301
13	0	0	0	0	580	297
14	0	0	0	0	572	291
15	0	0	0	0	559	287
0	0	0	0	0	541	283
1	0	0	0	0	519	281
2	0	0	0	0	496	278
3	0	0	0	0	472	277
4	0	0	0	0	448	273
5	0	0	0	0	427	269
6	0	0	0	0	408	265
7	0	0	0	0	393	262
8	0	0	0	0	383	260
9	0	0	0	0	377	261
10	0	0	0	0	373	263
11	0	0	0	0	372	266
12	0	0	0	0	373	270
13	0	0	0	0	377	275
14	0	0	0	0	387	282
15	0	0	0	0	407	289
0	0	0	0	0	442	298
1	0	0	0	0	494	308
2	0	0	0	0	562	320
3	0	0	0	0	643	332
4	0	0	0	0	727	347
5	0	0	0	0	808	362
6	0	0	0	0	878	379
7	0	0	0	0	927	396
8	0	0	0	0	937	414
9	0	0	0	0	937	433
10	0	0	0	0	936	453
11	0	0	0	0	892	472
12	0	0	0	0	833	492
13	0	0	0	0	760	511
14	0	0	0	0	679	529
15	0	0	0	0	593	547
0	0	0	0	0	508	563
1	0	0	0	0	426	579
2	0	0	0	0	352	594
3	0	0	0	0	291	608
4	0	0	0	0	244	622
5	0	0	0	0	213	635
6	0	0	0	0	199	647
7	0	0	0	0	202	659
8	0	0	0	0	219	670
9	0	0	0	0	247	680
10	0	0	0	0	288	690
11	0	0	0	0	337	700
12	0	0	0	0	387	709
13	0	0	0	0	435	718
14	0	0	0	0	479	727
15	0	0	0	0	516	735
0	0	0	0	0	545	743
1	0	0	0	0	564	750
2	0	0	0	0	574	757
3	0	0	0	0	576	763
4	0	0	0	0	570	769
5	0	0	0	0	555	775
6	0	0	0	0	538	781
7	0	0	0	0	516	787
8	0	0	0	0	493	793
9	0	0	0	0	469	796
10	0	0	0	0	446	799
11	0	0	0	0	425	800
12	0	0	0	0	406	801
13	0	0	0	0	391	802
14	0	0	0	0	378	802
15	0	0	0	0	368	801
0	0	0	0	0	363	800
1	0	0	0	0	361	799
2	0	0	0	0	361	796
3	0	0	0	0	365	793
4	0	0	0	0	372	790
5	0	0	0	0	383	785
6	0	0	0	0	402	778
7	0	0	0	0	434	771
8	0	0	0	0	485	763
9	0	0	0	0	550	754
10	0	0	0	0	627	744
11	0	0	0	0	707	734
12	0	0	0	0	786	722
13	0	0	0	0	853	710
14	0	0	0	0	902	697
15	0	0	0	0	927	683
0	0	0	0	0	930	668
1	0	0	0	0	911	653
2	0	0	0	0	872	639
3	0	0	0	0	818	626
4	0	0	0	0	753	614
5	0	0	0	0	678	602
6	0	0	0	0	600	589
7	0	0	0	0	524	576
8	0	0	0	0	452	562
9	0	0	0	0	388	547
10	0	0	0	0	334	533
11	0	0	0	0	292	519
12	0	0	0	0	264	506
13	0	0	0	0	249	494
14	0	0	0	0	251	482
15	0	0	0	0	267	471
0	0	0	0	0	296	460
1	0	0	0	0	332	448
2	0	0	0	0	378	437
3	0	0	0	0	426	426
4	0	0	0	0	471	416
5	0	0	0	0	511	407
6	0	0	0	0	545	399
7	0	0	0	0	572	391
8	0	0	0	0	589	384
9	0	0	0	0	595	376
10	0	0	0	0	592	369
11	0	0	0	0	581	360
12	0	0	0	0	564	352
13	0	0	0	0	542	345
14	0	0	0	0	516	339
15	0	0	0	0	490	332
0	0	0	0	0	464	325
1	0	0	0	0	440	317
2	0	0	0	0	418	308
3	0	0	0	0	399	300
4	0	0	0	0	385	293
5	0	0	0	0	373	286
6	0	0	0	0	366	281
7	0	0	0	0	363	277
8	0	0	0	0	362	273
9	0	0	0	0	364	269
10	0	0	0	0	370	266
11	0	0	0	0	380	263
12	0	0	0	0	399	260
13	0	0	0	0	433	258
14	0	0	0	0	488	256
15	0	0	0	0	559	254
0	0	0	0	0	643	253
1	0	0	0	0	729	251
2	0	0	0	0	815	248
3	0	0	0	0	889	248
4	0	0	0	0	936	249
5	0	0	0	0	937	249
6	0	0	0	0	937	248
7	0	0	0	0	937	253
8	0	0	0	0	934	256
9	0	0	0	0	876	261
10	0	0	0	0	805	266
11	0	0	0	0	727	270
12	0	0	0	0	643	276
13	0	0	0	0	558	281
14	0	0	0	0	476	287
15	0	0	0	0	401	295
0	0	0	0	0	337	303
1	0	0	0	0	286	312
2	0	0	0	0	252	321
3	0	0	0	0	231	332
4	0	0	0	0	229	343
5	0	0	0	0	241	356
6	0	0	0	0	266	369
7	0	0	0	0	301	384
8	0	0	0	0	345	400
9	0	0	0	0	392	416
10	0	0	0	0	437	431
11	0	0	0	0	478	446
12	0	0	0	0	515	461
13	0	0	0	0	541	476
14	0	0	0	0	560	492
15	0	0	0	0	569	506
0	0	0	0	0	570	520
1	0	0	0	0	560	534
2	0	0	0	0	544	547
3	0	0	0	0	523	560
4	0	0	0	0	497	573
5	0	0	0	0	472	585
6	0	0	0	0	444	596
7	0	0	0	0	419	607
8	0	0	0	0	397	616
9	0	0	0	0	378	625
10	0	0	0	0	362	635
11	0	0	0	0	351	645
12	0	0	0	0	344	655
13	0	0	0	0	339	666
14	0	0	0	0	339	676
15	0	0	0	0	343	686
0	0	0	0	0	348	696
1	0	0	0	0	357	705
2	0	0	0	0	370	715
3	0	0	0	0	393	724
4	0	0	0	0	433	733
5	0	0	0	0	493	742
6	0	0	0	0	565	749
7	0	0	0	0	646	757
8	0	0	0	0	729	764
9	0	0	0	0	804	771
10	0	0	0	0	864	777
11	0	0	0	0	904	782
12	0	0	0	0	921	786
13	0	0	0	0	915	790
14	0	0	0	0	886	792
15	0	0	0	0	839	793
0	0	0	0	0	775	794
1	0	0	0	0	702	793
2	0	0	0	0	621	790
3	0	0	0	0	542	787
4	0	0	0	0	465	784
5	0	0	0	0	394	780
6	0	0	0	0	331	775
7	0	0	0	0	282	769
8	0	0	0	0	246	761
9	0	0	0	0	224	753
10	0	0	0	0	215	742
11	0	0	0	0	222	728
12	0	0	0	0	243	713
13	0	0	0	0	276	697
14	0	0	0	0	318	682
15	0	0	0	0	367	667
0	0	0	0	0	419	652
1	0	0	0	0	468	638
2	0	0	0	0	515	623
3	0	0	0	0	554	607
4	0	0	0	0	581	590
5	0	0	0	0	600	572
6	0	0	0	0	608	553
7	0	0	0	0	606	536
8	0	0	0	0	595	521
9	0	0	0	0	576	507
10	0	0	0	0	552	493
11	0	0	0	0	526	479
12	0	0	0	0	498	463
13	0	0	0	0	470	447
14	0	0	0	0	444	433
15	0	0	0	0	421	419
0	0	0	0	0	400	408
1	0	0	0	0	383	399
2	0	0	0	0	370	391
3	0	0	0	0	363	384
4	0	0	0	0	357	379
5	0	0	0	0	355	373
6	0	0	0	0	355	368
7	0	0	0	0	360	363
8	0	0	0	0	373	358
9	0	0	0	0	399	354
10	0	0	0	0	443	352
11	0	0	0	0	504	349
12	0	0	0	0	578	347
13	0	0	0	0	659	345
14	0	0	0	0	739	342
15	0	0	0	0	809	341
0	0	0	0	0	864	337
1	0	0	0	0	899	335
2	0	0	0	0	912	331
3	0	0	0	0	903	327
4	0	0	0	0	873	325
5	0	0	0	0	824	324
6	0	0	0	0	760	322
7	0	0	0	0	687	320
8	0	0	0	0	608	319
9	0	0	0	0	528	317
10	0	0	0	0	451	314
11	0	0	0	0	383	312
12	0	0	0	0	324	311
13	0	0	0	0	278	308
14	0	0	0	0	242	307
15	0	0	0	0	224	305
0	0	0	0	0	221	304
1	0	0	0	0	231	304
2	0	0	0	0	255	304
3	0	0	0	0	290	304
4	0	0	0	0	335	304
5	0	0	0	0	383	306
6	0	0	0	0	432	308
7	0	0	0	0	477	311
8	0	0	0	0	519	315
9	0	0	0	0	550	321
10	0	0	0	0	571	328
11	0	0	0	0	584	337
12	0	0	0	0	586	345
13	0	0	0	0	578	354
14	0	0	0	0	562	364
15	0	0	0	0	542	376
0	0	0	0	0	519	389
1	0	0	0	0	493	403
2	0	0	0	0	465	417
3	0	0	0	0	440	430
4	0	0	0	0	417	442
5	0	0	0	0	395	454
6	0	0	0	0	375	466
7	0	0	0	0	361	479
8	0	0	0	0	351	493
9	0	0	0	0	344	508
10	0	0	0	0	340	522
11	0	0	0	0	340	536
12	0	0	0	0	343	551
13	0	0	0	0	349	564
14	0	0	0	0	359	578
15	0	0	0	0	382	591
0	0	0	0	0	420	603
1	0	0	0	0	477	616
2	0	0	0	0	550	628
3	0	0	0	0	633	640
4	0	0	0	0	718	652
5	0	0	0	0	795	664
6	0	0	0	0	857	675
7	0	0	0	0	899	686
8	0	0	0	0	916	696
9	0	0	0	0	908	707
10	0	0	0	0	880	716
11	0	0	0	0	833	725
12	0	0	0	0	770	734
13	0	0	0	0	695	743
14	0	0	0	0	614	750
15	0	0	0	0	531	756
0	0	0	0	0	453	762
1	0	0	0	0	380	767
2	0	0	0	0	316	771
3	0	0	0	0	267	774
4	0	0	0	0	230	776
5	0	0	0	0	205	777
6	0	0	0	0	196	777
7	0	0	0	0	203	775
8	0	0	0	0	224	773
9	0	0	0	0	255	771
10	0	0	0	0	295	767
11	0	0	0	0	342	761
12	0	0	0	0	393	755
13	0	0	0	0	443	747
14	0	0	0	0	489	737
15	0	0	0	0	530	726
0	0	0	0	0	561	713
1	0	0	0	0	582	698
2	0	0	0	0	592	683
3	0	0	0	0	595	668
4	0	0	0	0	588	651
5	0	0	0	0	574	633
6	0	0	0	0	553	615
7	0	0	0	0	530	595
8	0	0	0	0	505	575
9	0	0	0	0	479	555
10	0	0	0	0	453	537
11	0	0	0	0	430	520
12	0	0	0	0	410	505
13	0	0	0	0	392	491
14	0	0	0	0	381	479
15	0	0	0	0	374	466
0	0	0	0	0	372	455
1	0	0	0	0	372	444
2	0	0	0	0	377	433
3	0	0	0	0	386	424
4	0	0	0	0	400	417
5	0	0	0	0	423	411
6	0	0	0	0	462	407
7	0	0	0	0	517	403
8	0	0	0	0	583	401
9	0	0	0	0	656	400
10	0	0	0	0	730	399
11	0	0	0	0	797	397
12	0	0	0	0	850	396
13	0	0	0	0	882	393
14	0	0	0	0	896	393
15	0	0	0	0	887	393
0	0	0	0	0	859	394
1	0	0	0	0	813	394
2	0	0	0	0	753	396
3	0	0	0	0	684	396
4	0	0	0	0	612	396
5	0	0	0	0	537	397
6	0	0	0	0	465	397
7	0	0	0	0	401	398
8	0	0	0	0	344	399
9	0	0	0	0	296	400
10	0	0	0	0	259	402
11	0	0	0	0	236	402
12	0	0	0	0	227	403
13	0	0	0	0	233	404
14	0	0	0	0	251	404
15	0	0	0	0	281	406
0	0	0	0	0	321	407
1	0	0	0	0	366	408
2	0	0	0	0	412	409
3	0	0	0	0	457	409
4	0	0	0	0	497	411
5	0	0	0	0	531	411
6	0	0	0	0	555	411
7	0	0	0	0	572	411
8	0	0	0	0	578	411
9	0	0	0	0	576	410
10	0	0	0	0	566	409
11	0	0	0	0	550	408
12	0	0	0	0	529	408
13	0	0	0	0	505	408
14	0	0	0	0	480	408
15	0	0	0	0	455	407
0	0	0	0	0	432	403
1	0	0	0	0	409	400
2	0	0	0	0	390	396
3	0	0	0	0	375	391
4	0	0	0	0	366	388
5	0	0	0	0	359	385
6	0	0	0	0	358	382
7	0	0	0	0	359	378
8	0	0	0	0	365	374
9	0	0	0	0	371	369
10	0	0	0	0	381	364
11	0	0	0	0	399	360
12	0	0	0	0	429	356
13	0	0	0	0	480	352
14	0	0	0	0	550	347
15	0	0	0	0	633	337
0	0	0	0	0	721	324
1	0	0	0	0	807	304
2	0	0	0	0	880	285
3	0	0	0	0	932	266
4	0	0	0	0	937	248
5	0	0	0	0	937	232
6	0	0	0	0	936	217
7	0	0	0	0	919	205
8	0	0	0	0	864	196
9	0	0	0	0	794	190
10	0	0	0	0	716	185
11	0	0	0	0	633	192
12	0	0	0	0	551	205
13	0	0	0	0	477	222
14	0	0	0	0	418	244
15	0	0	0	0	376	265
0	0	0	0	0	355	284
1	0	0	0	0	357	300
2	0	0	0	0	378	315
3	0	0	0	0	415	329
4	0	0	0	0	460	341
5	0	0	0	0	505	352
6	0	0	0	0	544	360
7	0	0	0	0	577	367
8	0	0	0	0	600	370
9	0	0	0	0	608	368
10	0	0	0	0	607	363
11	0	0	0	0	592	353
12	0	0	0	0	571	341
13	0	0	0	0	542	326
14	0	0	0	0	508	307
15	0	0	0	0	476	288
0	0	0	0	0	445	267
1	0	0	0	0	417	249
2	0	0	0	0	395	234
3	0	0	0	0	383	225
4	0	0	0	0	380	223
5	0	0	0	0	387	229
6	0	0	0	0	403	241
7	0	0	0	0	431	260
8	0	0	0	0	466	283
9	0	0	0	0	506	306
10	0	0	0	0	549	328
11	0	0	0	0	591	350
12	0	0	0	0	628	369
13	0	0	0	0	659	388
14	0	0	0	0	681	404
15	0	0	0	0	692	417
0	0	0	0	0	697	425
1	0	0	0	0	696	427
2	0	0	0	0	693	420
3	0	0	0	0	690	412
4	0	0	0	0	687	400
5	0	0	0	0	685	388
6	0	0	0	0	685	370
7	0	0	0	0	683	352
8	0	0	0	0	680	335
